0.2688705335821261 -0.02559278799511924 0.05088333238133712 -0.16625799792675403 0.6434477023279396 0.18693129355244498 0.7234569952561745
0.2719209856601946 0.030156987575778497 0.050883332380965526 0.3374240736423025 0.5725483925805358 -0.379380957403314 0.6437417353565198
0.3246202998546369 -0.028643227038869394 0.050883332380965526 -0.5725483925805358 0.3374240736423025 0.6437417353565198 0.379380957403314
0.32767075193270545 0.027106548532028343 0.05088333238133712 -0.6434477023279396 -0.16625799792675403 0.7234569952561745 -0.18693129355244498
0.2853639327490949 0.03611202019095387 0.05093666570703103 0.4448438186910016 0.5200454858231928 -0.473968789318786 0.5540940862335666
0.2629155009719327 -0.012149830669029221 0.05093666570702864 -0.05317560798556871 0.6822797703778444 0.056657140053172565 0.7269502308476945
0.31117735276573666 -0.03459825965404477 0.05093666570703103 -0.5200454858231928 0.4448438186910016 0.5540940862335666 0.473968789318786
0.3336257845428988 0.0136635921372609 0.05093666570702864 -0.6822797703778444 -0.05317560798556871 0.7269502308476945 -0.056657140053172565
0.26049698640165214 -0.01969405372474425 0.05099666571290386 -0.19068709189963814 0.6796850493220719 0.19132377845619064 0.6819544548634888
0.27781970316850446 0.03853053848212685 0.05099666571292481 0.34577376887576694 0.6154460447976028 -0.346928275536217 0.6175009622129359
0.3187215823463271 -0.037016777945217745 0.05099666571292481 -0.6154460447976028 0.34577376887576694 0.6175009622129359 0.346928275536217
0.3360442991131794 0.021207814261653354 0.05099666571290386 -0.6796850493220719 -0.19068709189963817 0.6819544548634889 -0.19132377845619067
0.32529858775280374 -0.028600714110804438 0.05508333303686851 -0.6768246230758339 0.2890935783515853 0.6225881003756283 0.26592741457923813
0.2712426977620278 0.03011447464771354 0.05508333303686851 0.2890935783515853 0.6768246230758339 -0.26592741457923813 0.6225881003756283
0.2689130502362986 -0.026271077760745807 0.05508333303685273 -0.2741672482996827 0.683007311379428 0.25219718788899725 0.6282753464707231
0.32762823527853296 0.02778483829765491 0.05508333303685273 -0.683007311379428 -0.2741672482996827 0.6282753464707231 -0.25219718788899725
0.3229035027082157 0.028251436979175978 0.06117000068667009 -0.6748817912544413 -0.3599091113622096 0.5684258588660765 -0.3031370026308644
0.2736377828066158 -0.026737676442266874 0.06117000068667009 -0.3599091113622096 0.6748817912544413 0.3031370026308644 0.5684258588660765
0.3257652069264626 -0.023875981533030947 0.061170000688014016 -0.7317076658143887 0.22271931453908642 0.6162880109287008 0.18758754304389214
0.27077607858836894 0.02538974206994005 0.061170000688014016 0.22271931453908642 0.7317076658143887 -0.18758754304389214 0.6162880109287008
0.26454056715442253 -0.02074449667492506 0.055096666369042695 -0.245516926720892 0.6986091698700273 0.22282716530965033 0.6340463081409
0.332000718360409 0.022258257211834165 0.055096666369042695 -0.6986091698700273 -0.245516926720892 0.6340463081409 -0.22282716530965033
0.2767692639506504 0.03448694655757234 0.055096666369490954 0.3203845969267161 0.6675979657018098 -0.29077584447951954 0.6059010434964879
0.31977202156418116 -0.03297318602066324 0.055096666369490954 -0.6675979657018098 0.3203845969267161 0.6059010434964879 0.29077584447951954
0.274104903287523 0.03470421831077065 0.05099666571292481 0.34577376887576694 0.6154460447976028 -0.346928275536217 0.6175009622129359
0.3224363822273085 -0.033190457773861544 0.05099666571292481 -0.6154460447976028 0.34577376887576694 0.6175009622129359 0.346928275536217
0.26432330657300834 -0.023408872232177188 0.05099666571290386 -0.19068709189963814 0.6796850493220719 0.19132377845619064 0.6819544548634888
0.3322179789418232 0.02492263276908629 0.05099666571290386 -0.6796850493220719 -0.19068709189963817 0.6819544548634889 -0.19132377845619067
0.340011402508864 -0.0023905380688487845 0.05496333303417911 -0.6939890612762152 0.0067711838052552835 0.7199194362835203 0.00702418394203513
0.2565298830059675 0.0039042995370804625 0.05496333303417911 0.0067711838052552835 0.6939890612762152 -0.00702418394203513 0.7199194362835203
0.2951232113762014 -0.04098388134553402 0.054963333034192145 -0.4859364200434157 0.495512322534034 0.5040930657473741 0.5140267648262393
0.30141807413863014 0.04249764188244312 0.054963333034192145 -0.4955123225340341 -0.4859364200434158 0.5140267648262394 -0.5040930657473742
0.31272157018697955 -0.037016777945217745 0.05699666669640145 -0.6154460447976028 0.34577376887576694 0.6175009622129359 0.346928275536217
0.26049698640165214 -0.013694051809945037 0.056996666696380496 -0.19068709189963814 0.6796850493220719 0.19132377845619064 0.6819544548634888
0.283819715327852 0.03853053848212685 0.05699666669640145 0.34577376887576694 0.6154460447976028 -0.346928275536217 0.6175009622129359
0.3360442991131794 0.015207813278176715 0.056996666696380496 -0.6796850493220719 -0.19068709189963817 0.6819544548634889 -0.19132377845619067
0.2684760223608086 0.020596900079064093 0.06303000101262522 0.16262646948627868 0.6989654004995928 -0.1578187098059091 0.6783017434461382
0.27843062482277475 -0.029037732684119487 0.06303000101284069 -0.3792488995883361 0.6092374511977243 0.36803708703524934 0.591226439518519
0.3181106606920568 0.03055149322102859 0.06303000101284069 -0.6092374511977243 -0.3792488995883361 0.591226439518519 -0.36803708703524934
0.32806526315402296 -0.01908313954215499 0.06303000101262522 -0.6989654004995928 0.16262646948627868 0.6783017434461382 0.1578187098059091
0.2926020394318751 0.038619271902720215 0.06105000068915058 0.4595098534549989 0.5602237913783628 -0.4370810521408639 0.5328791157578364
0.3039392460829564 -0.03710551136581111 0.06105000068915058 -0.5602237913783628 0.4595098534549989 0.5328791157578364 0.4370810521408639
0.33613303252769244 0.006425487325982353 0.06105000068930722 -0.7210605750651635 -0.071215511046397 0.6858654119241533 -0.06773946264333629
0.2604082529871391 -0.004911725857750675 0.06105000068930722 -0.071215511046397 0.7210605750651635 0.06773946264333629 0.6858654119241533
0.32327978683068276 0.023340822637678556 0.06516999761703089 -0.6748817912544413 -0.3599091113622096 0.5684258588660765 -0.3031370026308644
0.2732614986841488 -0.021827062100769453 0.06516999761703089 -0.3599091113622096 0.6748817912544413 0.3031370026308644 0.5684258588660765
0.3208545888596749 -0.024252265655497988 0.06516999761837482 -0.7317076658143887 0.22271931453908642 0.6162880109287008 0.18758754304389214
0.27568669665515666 0.02576602619240709 0.06516999761837482 0.22271931453908642 0.7317076658143887 -0.18758754304389214 0.6162880109287008
0.2738102852454823 -0.023686631337899385 0.0649566642818918 -0.27239979515085744 0.6357135240346594 0.28447099806898507 0.6638847175668686
0.3227141562210031 -0.023703486562398176 0.064956664282092 -0.642133084999924 0.25690160429116593 0.670588756529476 0.2682860161792943
0.32273100026934926 0.02520039187480849 0.0649566642818918 -0.6357135240346594 -0.27239979515085744 0.6638847175668686 -0.28447099806898507
0.27382712929382846 0.02521724709930728 0.064956664282092 0.25690160429116593 0.642133084999924 -0.2682860161792943 0.670588756529476
0.2739004728092246 0.029194761902716856 0.060956667351731206 0.25690160429116593 0.642133084999924 -0.2682860161792943 0.670588756529476
0.2698327480903309 -0.023613287822503267 0.060956667351531005 -0.27239979515085744 0.6357135240346594 0.28447099806898507 0.6638847175668686
0.32670850762217823 0.02512704835941237 0.060956667351531005 -0.6357135240346594 -0.27239979515085744 0.6638847175668686 -0.28447099806898507
0.32264081270560696 -0.027681001365807752 0.060956667351731206 -0.642133084999924 0.25690160429116593 0.670588756529476 0.2682860161792943
0.3090154235108975 -0.0339570422012262 0.06313666769221084 -0.6311073632708251 0.41235522973679417 0.5500167745024852 0.35937196370883595
0.26355672214816284 -0.009987914449713314 0.0631366676924917 -0.1546811157332881 0.7378394757952937 0.13480623598606384 0.643034943943874
0.28752583220161165 0.035470802738135306 0.06313666769221084 0.41235522973679417 0.6311073632708251 -0.35937196370883595 0.5500167745024852
0.3329845633666687 0.011501675917944992 0.0631366676924917 -0.7378394757952937 -0.1546811157332881 0.643034943943874 -0.13480623598606384
0.3131658334068129 -0.038746206713375704 0.05099666571292481 -0.6154460447976028 0.34577376887576694 0.6175009622129359 0.346928275536217
0.2833754521080186 0.04025996725028481 0.05099666571292481 0.34577376887576694 0.6154460447976028 -0.346928275536217 0.6175009622129359
0.33777372788133736 0.01565207091007464 0.05099666571290386 -0.6796850493220719 -0.19068709189963817 0.6819544548634889 -0.19132377845619067
0.2587675576334942 -0.014138309441842963 0.05099666571290386 -0.19068709189963814 0.6796850493220719 0.19132377845619064 0.6819544548634888
0.3355204188062256 0.014136806156898808 0.05114999904826052 -0.7482512157509957 -0.12296389345891148 0.6432917369619403 -0.10571537347553726
0.28489071592395954 0.03800665817527647 0.05114999904831589 0.44214490078382745 0.6160421152047655 -0.3801238885794177 0.5296280093954249
0.26102086670860597 -0.01262304468866713 0.05114999904826052 -0.12296389345891148 0.7482512157509957 0.10571537347553726 0.6432917369619403
0.311650569590872 -0.03649289763836737 0.05114999904831589 -0.6160421152047655 0.44214490078382745 0.5296280093954249 0.3801238885794177
0.28254043092376224 0.030610183652639057 0.06093666734615876 0.4448438186910016 0.5200454858231928 -0.473968789318786 0.5540940862335666
0.26841733751024754 -0.014973326906426415 0.060936667346156374 -0.05317560798556871 0.6822797703778444 0.056657140053172565 0.7269502308476945
0.3140008545910693 -0.029096423115729953 0.06093666734615876 -0.5200454858231928 0.4448438186910016 0.5540940862335666 0.473968789318786
0.328123948004584 0.016487088374658093 0.060936667346156374 -0.6822797703778444 -0.05317560798556871 0.7269502308476945 -0.056657140053172565
0.26291033394798585 -0.016295823295081925 0.055149999703911615 -0.12296389345891148 0.7482512157509957 0.10571537347553726 0.6432917369619403
0.3153233481972868 -0.034603430398987486 0.05514999970396698 -0.6160421152047655 0.44214490078382745 0.5296280093954249 0.3801238885794177
0.28121793731754474 0.03611719093589659 0.05514999970396698 0.44214490078382745 0.6160421152047655 -0.3801238885794177 0.5296280093954249
0.3336309515668457 0.01780958383199103 0.055149999703911615 -0.7482512157509957 -0.12296389345891148 0.6432917369619403 -0.10571537347553726
0.30289845957821093 -0.03291417234985042 0.06705000167262722 -0.5602237913783628 0.4595098534549989 0.5328791157578364 0.4370810521408639
0.2645995920030998 -0.003870935627714893 0.06705000167278385 -0.071215511046397 0.7210605750651635 0.06773946264333629 0.6858654119241533
0.33194169351173175 0.005384697095946571 0.06705000167278385 -0.7210605750651635 -0.071215511046397 0.6858654119241533 -0.06773946264333629
0.2936428259366206 0.03442793288675952 0.06705000167262722 0.4595098534549989 0.5602237913783628 -0.4370810521408639 0.5328791157578364
0.33808287681533655 -0.012741109709903473 0.05287666604043748 -0.6574667063192892 0.07791574439606441 0.7442362877471321 0.08819872367126809
0.2847726648745559 -0.03905535564928699 0.05287666604033661 -0.409804412318807 0.5199939199036149 0.4638886064118698 0.5886204445553719
0.258458408699495 0.014254871178135151 0.05287666604043748 0.07791574439606441 0.6574667063192892 -0.08819872367126809 0.7442362877471321
0.31176862064027566 0.040569116186196096 0.05287666604033661 -0.5199939199036149 -0.40980441231880693 0.588620444555372 -0.46388860641186974
0.28818061136437584 -0.03704356729104488 0.060963334017668784 -0.4859364200434157 0.495512322534034 0.5040930657473741 0.5140267648262393
0.26047019706045665 0.010846916312712368 0.060963334017655746 0.0067711838052552835 0.6939890612762152 -0.00702418394203513 0.7199194362835203
0.3360710884543749 -0.00933315484448069 0.060963334017655746 -0.6939890612762152 0.0067711838052552835 0.7199194362835203 0.00702418394203513
0.3083606741504557 0.038557327827953985 0.060963334017668784 -0.4955123225340341 -0.4859364200434158 0.5140267648262394 -0.5040930657473742
0.32160110723316426 -0.020120561086635073 0.06916999827402591 -0.7317076658143887 0.22271931453908642 0.6162880109287008 0.18758754304389214
0.2773932032530117 -0.02257358978748458 0.06916999827268198 -0.3599091113622096 0.6748817912544413 0.3031370026308644 0.5684258588660765
0.31914808226181984 0.024087350324393682 0.06916999827268198 -0.6748817912544413 -0.3599091113622096 0.5684258588660765 -0.3031370026308644
0.2749401782816673 0.021634321623544176 0.06916999827402591 0.22271931453908642 0.7317076658143887 -0.18758754304389214 0.6162880109287008
0.2791367604411289 0.024781665672471972 0.06709666833644423 0.3203845969267161 0.6675979657018098 -0.29077584447951954 0.6059010434964879
0.27424584245158745 -0.018377000184446546 0.06709666833599598 -0.245516926720892 0.6986091698700273 0.22282716530965033 0.6340463081409
0.3222954132609217 0.01989076072135565 0.06709666833599598 -0.6986091698700273 -0.245516926720892 0.6340463081409 -0.22282716530965033
0.31740452507370265 -0.02326790513556287 0.06709666833644423 -0.6675979657018098 0.3203845969267161 0.6059010434964879 0.29077584447951954
0.27779312273627965 0.02770418571393773 0.06309666768079314 0.3203845969267161 0.6675979657018098 -0.29077584447951954 0.6059010434964879
0.2713233373112829 -0.01972063788929579 0.06309666768034489 -0.245516926720892 0.6986091698700273 0.22282716530965033 0.6340463081409
0.32521794820354866 0.021234398426204892 0.06309666768034489 -0.6986091698700273 -0.245516926720892 0.6340463081409 -0.22282716530965033
0.3187481627785519 -0.026190425177028628 0.06309666768079314 -0.6675979657018098 0.3203845969267161 0.6059010434964879 0.29077584447951954
0.29505375830564023 -0.01452833638900997 0.09112999815701016 -0.4374966839202823 0.6112255344272092 0.38387971737649 0.5363174062156432
0.3143898714902856 -0.003361622961228294 0.09112999815825787 -0.7415585932007591 0.12284484462540286 0.6506776263623609 0.10778971913181522
0.3032231580698868 0.015974490208929163 0.09112999815701016 -0.6112255344272093 -0.4374966839202823 0.5363174062156433 -0.38387971737649
0.28388704488524147 0.004807776781147497 0.09112999815825787 0.1228448446254028 0.7415585932007591 -0.10778971913181516 0.6506776263623609
0.3037217072139275 0.015135900699678656 0.08089000024059864 -0.5414982942057375 -0.3895890122453516 0.6047328746439555 -0.43508407145611067
0.3135512819837168 -0.003860172097722922 0.0808900002409299 -0.6583781493670048 0.10741607743602287 0.735261614934186 0.11995981138993664
0.28472563439181026 0.005306325917642116 0.0808900002409299 0.10741607743602283 0.6583781493670048 -0.1199598113899366 0.735261614934186
0.29455520916159955 -0.013689746879759452 0.08089000024059864 -0.3895890122453516 0.5414982942057375 0.43508407145611067 0.6047328746439555
0.2966355384757647 -0.01478419139932607 0.0949899988080211 -0.4468140407726328 0.5434677663168533 0.4513047469578928 0.5489298910756042
0.31464572649754813 -0.0017798427995079156 0.09498999880802715 -0.700234981171117 0.06834450383392915 0.7072726954159102 0.0690314005297052
0.30164137789976236 0.016230345219245264 0.0949899988080211 -0.5434677663168535 -0.44681404077263276 0.5489298910756042 -0.45130474695789274
0.2836311898779789 0.003225996619427119 0.09498999880802715 0.06834450383392912 0.700234981171117 -0.06903140052970516 0.7072726954159102
0.2903714250081233 0.04377534189669299 0.051049999050022846 0.4595098534549989 0.5602237913783628 -0.4370810521408639 0.5328791157578364
0.2552521829931663 -0.007142336556212207 0.05104999905017949 -0.071215511046397 0.7210605750651635 0.06773946264333629 0.6858654119241533
0.30616986050670825 -0.04226158135978389 0.051049999050022846 -0.5602237913783628 0.4595098534549989 0.5328791157578364 0.4370810521408639
0.3412891025216652 0.008656098024443885 0.05104999905017949 -0.7210605750651635 -0.071215511046397 0.6858654119241533 -0.06773946264333629
0.3033361764286426 0.010604330155081557 0.13112999726294047 -0.6112255344272093 -0.4374966839202823 0.5363174062156433 -0.38387971737649
0.31014572866111106 -0.0038712109998387217 0.1311299972641882 -0.7415585932007591 0.12284484462540286 0.6506776263623609 0.10778971913181522
0.2956701874917029 -0.010680763239690142 0.13112999726294047 -0.4374966839202823 0.6112255344272092 0.38387971737649 0.5363174062156432
0.2888606352592344 0.003794777915230172 0.1311299972641882 0.1228448446254028 0.7415585932007591 -0.10778971913181516 0.6506776263623609
0.2905170462679783 0.0018689166701971636 0.10099000351679409 0.06834450383392912 0.700234981171117 -0.06903140052970516 0.7072726954159102
0.30775987010754874 -0.00042276285027795886 0.10099000351679409 -0.700234981171117 0.06834450383392915 0.7072726954159102 0.0690314005297052
0.29799261842499464 -0.007898335009326681 0.10099000351678804 -0.4468140407726328 0.5434677663168533 0.4513047469578928 0.5489298910756042
0.3002842979505324 0.009344488829245875 0.10099000351678804 -0.5434677663168535 -0.44681404077263276 0.5489298910756042 -0.45130474695789274
0.3116346752536537 5.885249414544423e-05 0.0948499987925983 -0.6516185945545127 0.019829260611401563 0.7579366937563935 0.023064603010538056
0.28664224112187336 0.0013873013257737598 0.0948499987925983 0.01982926061140152 0.6516185945545127 -0.023064603010538007 0.7579366937563935
0.29980268259649345 0.01321929397629564 0.09484999879269236 -0.4747853303007834 -0.4467425237469608 0.552251310848996 -0.5196330409750113
0.2984742337790336 -0.011773140156376446 0.09484999879269236 -0.44674252374696083 0.4747853303007834 0.5196330409750114 0.552251310848996
0.2688705335821261 -0.02559278799511924 0.05088333238133712 0.6434477023279396 0.16625799792675405 0.7234569952561745 -0.18693129355244492
0.2719209856601946 0.030156987575778497 0.050883332380965526 0.5725483925805358 -0.3374240736423024 0.6437417353565198 0.37938095740331407
0.3246202998546369 -0.028643227038869394 0.050883332380965526 0.3374240736423024 0.5725483925805358 0.37938095740331407 -0.6437417353565198
0.32767075193270545 0.027106548532028343 0.05088333238133712 -0.16625799792675405 0.6434477023279396 -0.18693129355244492 -0.7234569952561745
0.2853639327490949 0.03611202019095387 0.05093666570703103 0.5200454858231928 -0.44484381869100154 0.5540940862335666 0.47396878931878605
0.2629155009719327 -0.012149830669029221 0.05093666570702864 0.6822797703778444 0.05317560798556875 0.7269502308476945 -0.056657140053172524
0.31117735276573666 -0.03459825965404477 0.05093666570703103 0.44484381869100154 0.5200454858231928 0.47396878931878605 -0.5540940862335666
0.3336257845428988 0.0136635921372609 0.05093666570702864 -0.05317560798556875 0.6822797703778444 -0.056657140053172524 -0.7269502308476945
0.26049698640165214 -0.01969405372474425 0.05099666571290386 0.6796850493220719 0.19068709189963817 0.6819544548634888 -0.19132377845619059
0.27781970316850446 0.03853053848212685 0.05099666571292481 0.6154460447976028 -0.3457737688757669 0.6175009622129359 0.3469282755362171
0.3187215823463271 -0.037016777945217745 0.05099666571292481 0.3457737688757669 0.6154460447976028 0.3469282755362171 -0.6175009622129359
0.3360442991131794 0.021207814261653354 0.05099666571290386 -0.1906870918996382 0.6796850493220719 -0.1913237784561906 -0.6819544548634889
0.32529858775280374 -0.028600714110804438 0.05508333303686851 0.2890935783515852 0.6768246230758339 0.2659274145792382 -0.6225881003756283
0.2712426977620278 0.03011447464771354 0.05508333303686851 0.6768246230758339 -0.2890935783515852 0.6225881003756283 0.2659274145792382
0.2689130502362986 -0.026271077760745807 0.05508333303685273 0.683007311379428 0.27416724829968275 0.6282753464707231 -0.2521971878889972
0.32762823527853296 0.02778483829765491 0.05508333303685273 -0.27416724829968275 0.683007311379428 -0.2521971878889972 -0.6282753464707231
0.3229035027082157 0.028251436979175978 0.06117000068667009 -0.35990911136220965 0.6748817912544413 -0.30313700263086435 -0.5684258588660765
0.2736377828066158 -0.026737676442266874 0.06117000068667009 0.6748817912544413 0.35990911136220965 0.5684258588660765 -0.30313700263086435
0.3257652069264626 -0.023875981533030947 0.061170000688014016 0.22271931453908636 0.7317076658143887 0.18758754304389216 -0.6162880109287008
0.27077607858836894 0.02538974206994005 0.061170000688014016 0.7317076658143887 -0.22271931453908636 0.6162880109287008 0.18758754304389216
0.26454056715442253 -0.02074449667492506 0.055096666369042695 0.6986091698700273 0.24551692672089206 0.6340463081409 -0.2228271653096503
0.332000718360409 0.022258257211834165 0.055096666369042695 -0.24551692672089206 0.6986091698700273 -0.2228271653096503 -0.6340463081409
0.2767692639506504 0.03448694655757234 0.055096666369490954 0.6675979657018098 -0.32038459692671606 0.6059010434964879 0.2907758444795196
0.31977202156418116 -0.03297318602066324 0.055096666369490954 0.32038459692671606 0.6675979657018098 0.2907758444795196 -0.6059010434964879
0.274104903287523 0.03470421831077065 0.05099666571292481 0.6154460447976028 -0.3457737688757669 0.6175009622129359 0.3469282755362171
0.3224363822273085 -0.033190457773861544 0.05099666571292481 0.3457737688757669 0.6154460447976028 0.3469282755362171 -0.6175009622129359
0.26432330657300834 -0.023408872232177188 0.05099666571290386 0.6796850493220719 0.19068709189963817 0.6819544548634888 -0.19132377845619059
0.3322179789418232 0.02492263276908629 0.05099666571290386 -0.1906870918996382 0.6796850493220719 -0.1913237784561906 -0.6819544548634889
0.340011402508864 -0.0023905380688487845 0.05496333303417911 0.006771183805255241 0.6939890612762152 0.0070241839420351745 -0.7199194362835203
0.2565298830059675 0.0039042995370804625 0.05496333303417911 0.6939890612762152 -0.006771183805255241 0.7199194362835203 0.0070241839420351745
0.2951232113762014 -0.04098388134553402 0.054963333034192145 0.49551232253403393 0.48593642004341575 0.5140267648262393 -0.5040930657473741
0.30141807413863014 0.04249764188244312 0.054963333034192145 -0.48593642004341575 0.49551232253403393 -0.5040930657473741 -0.5140267648262393
0.31272157018697955 -0.037016777945217745 0.05699666669640145 0.3457737688757669 0.6154460447976028 0.3469282755362171 -0.6175009622129359
0.26049698640165214 -0.013694051809945037 0.056996666696380496 0.6796850493220719 0.19068709189963817 0.6819544548634888 -0.19132377845619059
0.283819715327852 0.03853053848212685 0.05699666669640145 0.6154460447976028 -0.3457737688757669 0.6175009622129359 0.3469282755362171
0.3360442991131794 0.015207813278176715 0.056996666696380496 -0.1906870918996382 0.6796850493220719 -0.1913237784561906 -0.6819544548634889
0.2684760223608086 0.020596900079064093 0.06303000101262522 0.6989654004995928 -0.16262646948627862 0.6783017434461382 0.15781870980590912
0.27843062482277475 -0.029037732684119487 0.06303000101284069 0.6092374511977243 0.37924889958833613 0.591226439518519 -0.3680370870352493
0.3181106606920568 0.03055149322102859 0.06303000101284069 -0.37924889958833613 0.6092374511977243 -0.3680370870352493 -0.591226439518519
0.32806526315402296 -0.01908313954215499 0.06303000101262522 0.16262646948627862 0.6989654004995928 0.15781870980590912 -0.6783017434461382
0.2926020394318751 0.038619271902720215 0.06105000068915058 0.5602237913783628 -0.45950985345499884 0.5328791157578364 0.43708105214086396
0.3039392460829564 -0.03710551136581111 0.06105000068915058 0.45950985345499884 0.5602237913783628 0.43708105214086396 -0.5328791157578364
0.33613303252769244 0.006425487325982353 0.06105000068930722 -0.07121551104639705 0.7210605750651635 -0.06773946264333625 -0.6858654119241533
0.2604082529871391 -0.004911725857750675 0.06105000068930722 0.7210605750651635 0.07121551104639705 0.6858654119241533 -0.06773946264333625
0.32327978683068276 0.023340822637678556 0.06516999761703089 -0.35990911136220965 0.6748817912544413 -0.30313700263086435 -0.5684258588660765
0.2732614986841488 -0.021827062100769453 0.06516999761703089 0.6748817912544413 0.35990911136220965 0.5684258588660765 -0.30313700263086435
0.3208545888596749 -0.024252265655497988 0.06516999761837482 0.22271931453908636 0.7317076658143887 0.18758754304389216 -0.6162880109287008
0.27568669665515666 0.02576602619240709 0.06516999761837482 0.7317076658143887 -0.22271931453908636 0.6162880109287008 0.18758754304389216
0.2738102852454823 -0.023686631337899385 0.0649566642818918 0.6357135240346594 0.2723997951508575 0.6638847175668686 -0.284470998068985
0.3227141562210031 -0.023703486562398176 0.064956664282092 0.2569016042911659 0.642133084999924 0.2682860161792944 -0.670588756529476
0.32273100026934926 0.02520039187480849 0.0649566642818918 -0.2723997951508575 0.6357135240346594 -0.284470998068985 -0.6638847175668686
0.27382712929382846 0.02521724709930728 0.064956664282092 0.642133084999924 -0.2569016042911659 0.670588756529476 0.2682860161792944
0.2739004728092246 0.029194761902716856 0.060956667351731206 0.642133084999924 -0.2569016042911659 0.670588756529476 0.2682860161792944
0.2698327480903309 -0.023613287822503267 0.060956667351531005 0.6357135240346594 0.2723997951508575 0.6638847175668686 -0.284470998068985
0.32670850762217823 0.02512704835941237 0.060956667351531005 -0.2723997951508575 0.6357135240346594 -0.284470998068985 -0.6638847175668686
0.32264081270560696 -0.027681001365807752 0.060956667351731206 0.2569016042911659 0.642133084999924 0.2682860161792944 -0.670588756529476
0.3090154235108975 -0.0339570422012262 0.06313666769221084 0.4123552297367941 0.6311073632708251 0.359371963708836 -0.5500167745024852
0.26355672214816284 -0.009987914449713314 0.0631366676924917 0.7378394757952937 0.15468111573328816 0.643034943943874 -0.1348062359860638
0.28752583220161165 0.035470802738135306 0.06313666769221084 0.6311073632708251 -0.4123552297367941 0.5500167745024852 0.359371963708836
0.3329845633666687 0.011501675917944992 0.0631366676924917 -0.15468111573328816 0.7378394757952937 -0.1348062359860638 -0.643034943943874
0.3131658334068129 -0.038746206713375704 0.05099666571292481 0.3457737688757669 0.6154460447976028 0.3469282755362171 -0.6175009622129359
0.2833754521080186 0.04025996725028481 0.05099666571292481 0.6154460447976028 -0.3457737688757669 0.6175009622129359 0.3469282755362171
0.33777372788133736 0.01565207091007464 0.05099666571290386 -0.1906870918996382 0.6796850493220719 -0.1913237784561906 -0.6819544548634889
0.2587675576334942 -0.014138309441842963 0.05099666571290386 0.6796850493220719 0.19068709189963817 0.6819544548634888 -0.19132377845619059
0.3355204188062256 0.014136806156898808 0.05114999904826052 -0.12296389345891152 0.7482512157509957 -0.10571537347553722 -0.6432917369619403
0.28489071592395954 0.03800665817527647 0.05114999904831589 0.6160421152047655 -0.4421449007838274 0.5296280093954249 0.38012388857941776
0.26102086670860597 -0.01262304468866713 0.05114999904826052 0.7482512157509956 0.1229638934589115 0.6432917369619402 -0.1057153734755372
0.311650569590872 -0.03649289763836737 0.05114999904831589 0.4421449007838274 0.6160421152047655 0.38012388857941776 -0.5296280093954249
0.28254043092376224 0.030610183652639057 0.06093666734615876 0.5200454858231928 -0.44484381869100154 0.5540940862335666 0.47396878931878605
0.26841733751024754 -0.014973326906426415 0.060936667346156374 0.6822797703778444 0.05317560798556875 0.7269502308476945 -0.056657140053172524
0.3140008545910693 -0.029096423115729953 0.06093666734615876 0.44484381869100154 0.5200454858231928 0.47396878931878605 -0.5540940862335666
0.328123948004584 0.016487088374658093 0.060936667346156374 -0.05317560798556875 0.6822797703778444 -0.056657140053172524 -0.7269502308476945
0.26291033394798585 -0.016295823295081925 0.055149999703911615 0.7482512157509956 0.1229638934589115 0.6432917369619402 -0.1057153734755372
0.3153233481972868 -0.034603430398987486 0.05514999970396698 0.4421449007838274 0.6160421152047655 0.38012388857941776 -0.5296280093954249
0.28121793731754474 0.03611719093589659 0.05514999970396698 0.6160421152047655 -0.4421449007838274 0.5296280093954249 0.38012388857941776
0.3336309515668457 0.01780958383199103 0.055149999703911615 -0.12296389345891152 0.7482512157509957 -0.10571537347553722 -0.6432917369619403
0.30289845957821093 -0.03291417234985042 0.06705000167262722 0.45950985345499884 0.5602237913783628 0.43708105214086396 -0.5328791157578364
0.2645995920030998 -0.003870935627714893 0.06705000167278385 0.7210605750651635 0.07121551104639705 0.6858654119241533 -0.06773946264333625
0.33194169351173175 0.005384697095946571 0.06705000167278385 -0.07121551104639705 0.7210605750651635 -0.06773946264333625 -0.6858654119241533
0.2936428259366206 0.03442793288675952 0.06705000167262722 0.5602237913783628 -0.45950985345499884 0.5328791157578364 0.43708105214086396
0.33808287681533655 -0.012741109709903473 0.05287666604043748 0.07791574439606437 0.6574667063192892 0.08819872367126813 -0.7442362877471321
0.2847726648745559 -0.03905535564928699 0.05287666604033661 0.5199939199036149 0.40980441231880704 0.5886204445553719 -0.46388860641186974
0.258458408699495 0.014254871178135151 0.05287666604043748 0.6574667063192892 -0.07791574439606437 0.7442362877471321 0.08819872367126813
0.31176862064027566 0.040569116186196096 0.05287666604033661 -0.409804412318807 0.5199939199036149 -0.4638886064118697 -0.588620444555372
0.28818061136437584 -0.03704356729104488 0.060963334017668784 0.49551232253403393 0.48593642004341575 0.5140267648262393 -0.5040930657473741
0.26047019706045665 0.010846916312712368 0.060963334017655746 0.6939890612762152 -0.006771183805255241 0.7199194362835203 0.0070241839420351745
0.3360710884543749 -0.00933315484448069 0.060963334017655746 0.006771183805255241 0.6939890612762152 0.0070241839420351745 -0.7199194362835203
0.3083606741504557 0.038557327827953985 0.060963334017668784 -0.48593642004341575 0.49551232253403393 -0.5040930657473741 -0.5140267648262393
0.32160110723316426 -0.020120561086635073 0.06916999827402591 0.22271931453908636 0.7317076658143887 0.18758754304389216 -0.6162880109287008
0.2773932032530117 -0.02257358978748458 0.06916999827268198 0.6748817912544413 0.35990911136220965 0.5684258588660765 -0.30313700263086435
0.31914808226181984 0.024087350324393682 0.06916999827268198 -0.35990911136220965 0.6748817912544413 -0.30313700263086435 -0.5684258588660765
0.2749401782816673 0.021634321623544176 0.06916999827402591 0.7317076658143887 -0.22271931453908636 0.6162880109287008 0.18758754304389216
0.2791367604411289 0.024781665672471972 0.06709666833644423 0.6675979657018098 -0.32038459692671606 0.6059010434964879 0.2907758444795196
0.27424584245158745 -0.018377000184446546 0.06709666833599598 0.6986091698700273 0.24551692672089206 0.6340463081409 -0.2228271653096503
0.3222954132609217 0.01989076072135565 0.06709666833599598 -0.24551692672089206 0.6986091698700273 -0.2228271653096503 -0.6340463081409
0.31740452507370265 -0.02326790513556287 0.06709666833644423 0.32038459692671606 0.6675979657018098 0.2907758444795196 -0.6059010434964879
0.27779312273627965 0.02770418571393773 0.06309666768079314 0.6675979657018098 -0.32038459692671606 0.6059010434964879 0.2907758444795196
0.2713233373112829 -0.01972063788929579 0.06309666768034489 0.6986091698700273 0.24551692672089206 0.6340463081409 -0.2228271653096503
0.32521794820354866 0.021234398426204892 0.06309666768034489 -0.24551692672089206 0.6986091698700273 -0.2228271653096503 -0.6340463081409
0.3187481627785519 -0.026190425177028628 0.06309666768079314 0.32038459692671606 0.6675979657018098 0.2907758444795196 -0.6059010434964879
0.29505375830564023 -0.01452833638900997 0.09112999815701016 0.6112255344272092 0.43749668392028235 0.5363174062156432 -0.38387971737648996
0.3143898714902856 -0.003361622961228294 0.09112999815825787 0.12284484462540282 0.7415585932007591 0.10778971913181526 -0.6506776263623609
0.3032231580698868 0.015974490208929163 0.09112999815701016 -0.43749668392028235 0.6112255344272093 -0.38387971737648996 -0.5363174062156433
0.28388704488524147 0.004807776781147497 0.09112999815825787 0.7415585932007591 -0.12284484462540275 0.6506776263623609 0.1077897191318152
0.3037217072139275 0.015135900699678656 0.08089000024059864 -0.38958901224535164 0.5414982942057375 -0.4350840714561106 -0.6047328746439555
0.3135512819837168 -0.003860172097722922 0.0808900002409299 0.10741607743602283 0.6583781493670048 0.11995981138993668 -0.735261614934186
0.28472563439181026 0.005306325917642116 0.0808900002409299 0.6583781493670048 -0.10741607743602279 0.735261614934186 0.11995981138993664
0.29455520916159955 -0.013689746879759452 0.08089000024059864 0.5414982942057375 0.38958901224535164 0.6047328746439555 -0.4350840714561106
0.2966355384757647 -0.01478419139932607 0.0949899988080211 0.5434677663168533 0.44681404077263287 0.5489298910756042 -0.45130474695789274
0.31464572649754813 -0.0017798427995079156 0.09498999880802715 0.06834450383392911 0.700234981171117 0.06903140052970524 -0.7072726954159102
0.30164137789976236 0.016230345219245264 0.0949899988080211 -0.4468140407726327 0.5434677663168533 -0.4513047469578926 -0.5489298910756041
0.2836311898779789 0.003225996619427119 0.09498999880802715 0.700234981171117 -0.06834450383392908 0.7072726954159102 0.0690314005297052
0.2903714250081233 0.04377534189669299 0.051049999050022846 0.5602237913783628 -0.45950985345499884 0.5328791157578364 0.43708105214086396
0.2552521829931663 -0.007142336556212207 0.05104999905017949 0.7210605750651635 0.07121551104639705 0.6858654119241533 -0.06773946264333625
0.30616986050670825 -0.04226158135978389 0.051049999050022846 0.45950985345499884 0.5602237913783628 0.43708105214086396 -0.5328791157578364
0.3412891025216652 0.008656098024443885 0.05104999905017949 -0.07121551104639705 0.7210605750651635 -0.06773946264333625 -0.6858654119241533
0.3033361764286426 0.010604330155081557 0.13112999726294047 -0.43749668392028235 0.6112255344272093 -0.38387971737648996 -0.5363174062156433
0.31014572866111106 -0.0038712109998387217 0.1311299972641882 0.12284484462540282 0.7415585932007591 0.10778971913181526 -0.6506776263623609
0.2956701874917029 -0.010680763239690142 0.13112999726294047 0.6112255344272092 0.43749668392028235 0.5363174062156432 -0.38387971737648996
0.2888606352592344 0.003794777915230172 0.1311299972641882 0.7415585932007591 -0.12284484462540275 0.6506776263623609 0.1077897191318152
0.2905170462679783 0.0018689166701971636 0.10099000351679409 0.700234981171117 -0.06834450383392908 0.7072726954159102 0.0690314005297052
0.30775987010754874 -0.00042276285027795886 0.10099000351679409 0.06834450383392911 0.700234981171117 0.06903140052970524 -0.7072726954159102
0.29799261842499464 -0.007898335009326681 0.10099000351678804 0.5434677663168533 0.44681404077263287 0.5489298910756042 -0.45130474695789274
0.3002842979505324 0.009344488829245875 0.10099000351678804 -0.4468140407726327 0.5434677663168533 -0.4513047469578926 -0.5489298910756041
0.3116346752536537 5.885249414544423e-05 0.0948499987925983 0.01982926061140152 0.6516185945545127 0.0230646030105381 -0.7579366937563935
0.28664224112187336 0.0013873013257737598 0.0948499987925983 0.6516185945545127 -0.01982926061140148 0.7579366937563935 0.023064603010538053
0.29980268259649345 0.01321929397629564 0.09484999879269236 -0.44674252374696083 0.4747853303007834 -0.5196330409750113 -0.552251310848996
0.2984742337790336 -0.011773140156376446 0.09484999879269236 0.4747853303007834 0.4467425237469609 0.552251310848996 -0.5196330409750114
