0.31830919534028956 0.014939043208314443 0.06484333094947961 -0.6020287227397851 -0.24336820628218186 0.7050528758432967 -0.28501539507962265
0.2844939208559558 0.014837927185491413 0.06484333094855553 0.2536112832262681 0.5977859009637061 -0.2970113510668587 0.7000839885090754
0.28459503501592687 -0.018977357543362643 0.06484333094947961 -0.24336820628218186 0.6020287227397851 0.28501539507962265 0.7050528758432967
0.3184103095002606 -0.018876241520539613 0.06484333094855553 -0.5977859009637061 0.2536112832262681 0.7000839885090754 0.2970113510668587
0.3164506155780623 -0.021878151846584936 0.06499666428241334 -0.6154460447976028 0.34577376887576694 0.6175009622129359 0.346928275536217
0.3213111038083088 0.012979344621636798 0.06499666428239238 -0.6796850493220719 -0.19068709189963817 0.6819544548634889 -0.19132377845619067
0.28159312654790764 -0.017017658025362422 0.06499666428239238 -0.19068709189963814 0.6796850493220719 0.19132377845619064 0.6819544548634888
0.2864536147781541 0.017839838442859312 0.06499666428241334 0.34577376887576694 0.6154460447976028 -0.346928275536217 0.6175009622129359
0.3065197141230293 -0.02430630159081642 0.07095000232438414 -0.5036301369757978 0.47048558429694753 0.5294739009873172 0.4946285356424272
0.3237392591360663 0.003048448059034382 0.07095000232439878 -0.6888038322216019 -0.023436736668234565 0.7241497776377911 -0.024639392003798066
0.2791649712201501 -0.007086762161251937 0.07095000232439878 -0.023436736668234565 0.6888038322216019 0.024639392003798066 0.7241497776377911
0.2963845162331871 0.020267988187090795 0.07095000232438414 0.47048558429694753 0.5036301369757978 -0.4946285356424272 0.5294739009873172
0.3185389740004386 -0.01731126656479919 0.07108333565947289 -0.6768246230758339 0.2890935783515853 0.6225881003756283 0.26592741457923813
0.2843652265534554 0.01327295222975099 0.07108333565947289 0.2890935783515853 0.6768246230758339 -0.26592741457923813 0.6225881003756283
0.2861600118299265 -0.01910602762668304 0.0710833356594571 -0.2741672482996827 0.683007311379428 0.25219718788899725 0.6282753464707231
0.3167442185262899 0.015067714222957416 0.0710833356594571 -0.683007311379428 -0.2741672482996827 0.6282753464707231 -0.25219718788899725
0.27993997154936834 0.013499883148728225 0.06494333094761162 0.22696084266874417 0.6481939846942419 -0.24020793444190752 0.6860273189403222
0.316971149440512 0.01949299344636707 0.0649433309480386 -0.6188279131323768 -0.2978568113043972 0.6549472284260477 -0.3152419100704137
0.3229642588068481 -0.017538197483776424 0.06494333094761162 -0.648193984694242 0.2269608426687442 0.6860273189403223 0.24020793444190755
0.2859330809157044 -0.023531306850092693 0.0649433309480386 -0.2978568113043972 0.6188279131323768 0.3152419100704137 0.6549472284260477
0.2827797060137737 -0.01424977944079869 0.07099666899115932 -0.19068709189963814 0.6796850493220719 0.19132377845619064 0.6819544548634888
0.3136827248863051 -0.020691572380718847 0.07099666899118028 -0.6154460447976028 0.34577376887576694 0.6175009622129359 0.346928275536217
0.28922147566758893 0.016653258976993223 0.07099666899118028 0.34577376887576694 0.6154460447976028 -0.346928275536217 0.6175009622129359
0.3201245243424427 0.010211465105750491 0.07099666899115932 -0.6796850493220719 -0.19068709189963817 0.6819544548634889 -0.19132377845619067
0.28572874242265417 -0.020475813144137187 0.06508333095069016 -0.2741672482996827 0.683007311379428 0.25219718788899725 0.6282753464707231
0.31990877814434426 -0.017742535972071528 0.06508333095070595 -0.6768246230758339 0.2890935783515853 0.6225881003756283 0.26592741457923813
0.31717548793356226 0.016437499740411563 0.06508333095069016 -0.683007311379428 -0.2741672482996827 0.6282753464707231 -0.25219718788899725
0.28299545221187217 0.013704221637023329 0.06508333095070595 0.2890935783515853 0.6768246230758339 -0.26592741457923813 0.6225881003756283
0.28625981027566694 0.018158008036670347 0.07499666964683137 0.34577376887576694 0.6154460447976028 -0.346928275536217 0.6175009622129359
0.3166443902782271 -0.02219632144039597 0.07499666964683137 -0.6154460447976028 0.34577376887576694 0.6175009622129359 0.346928275536217
0.2812749569540966 -0.017211440176107814 0.07499666964681041 -0.19068709189963814 0.6796850493220719 0.19132377845619064 0.6819544548634888
0.32162927340211983 0.01317312677238219 0.07499666964681041 -0.6796850493220719 -0.19068709189963817 0.6819544548634889 -0.19132377845619067
0.27661951328579604 -0.0012543309135589079 0.07486333631396402 0.04869920987754435 0.6552061155263992 -0.055879077273577146 0.751805069055246
0.3262847170704204 -0.002783983421489291 0.07486333631396402 -0.6552061155263992 0.04869920987754435 0.751805069055246 0.055879077273577146
0.30068728263826633 -0.026851753937526684 0.07486333631311996 -0.42886514663548025 0.4977362277805259 0.49209398731109466 0.5711189378828271
0.3022169477179501 0.02281344053380106 0.07486333631311996 -0.497736227780526 -0.42886514663548037 0.5711189378828272 -0.49209398731109477
0.3229642588068481 -0.017538197483776424 0.07094333565637856 -0.648193984694242 0.2269608426687442 0.6860273189403223 0.24020793444190755
0.316971149440512 0.01949299344636707 0.07094333565680554 -0.6188279131323768 -0.2978568113043972 0.6549472284260477 -0.3152419100704137
0.27993997154936834 0.013499883148728225 0.07094333565637856 0.22696084266874417 0.6481939846942419 -0.24020793444190752 0.6860273189403222
0.2859330809157044 -0.023531306850092693 0.07094333565680554 -0.2978568113043972 0.6188279131323768 0.3152419100704137 0.6549472284260477
0.2866071861454179 0.017587651190814634 0.054996666368575906 0.34577376887576694 0.6154460447976028 -0.346928275536217 0.6175009622129359
0.2818453137999523 -0.016864069894292285 0.05499666636855495 -0.19068709189963814 0.6796850493220719 0.19132377845619064 0.6819544548634888
0.31629701440847613 -0.02162596459454026 0.054996666368575906 -0.6154460447976028 0.34577376887576694 0.6175009622129359 0.346928275536217
0.3210589165562641 0.012825755559244086 0.05499666636855495 -0.6796850493220719 -0.19068709189963817 0.6819544548634889 -0.19132377845619067
0.31752479025436176 -0.0004989872858960423 0.07505000298408604 -0.7210605750651635 -0.071215511046397 0.6858654119241533 -0.06773946264333629
0.30297227993076525 -0.018091838298718216 0.0750500029839294 -0.5602237913783628 0.4595098534549989 0.5328791157578364 0.4370810521408639
0.2853794401018547 -0.0035393270491521564 0.07505000298408604 -0.071215511046397 0.7210605750651635 0.06773946264333629 0.6858654119241533
0.2999319504254512 0.014053523963670017 0.0750500029839294 0.4595098534549989 0.5602237913783628 -0.4370810521408639 0.5328791157578364
0.2847877668785454 0.014610028425563894 0.07085666899357934 0.2817254102078979 0.5907318577343602 -0.32546666794829604 0.6824500813653236
0.31811643367534864 -0.018648342760612092 0.07085666899357934 -0.5907318577343603 0.28172541020789793 0.6824500813653237 0.3254666679482961
0.28482293564405836 -0.018683491038130218 0.07085666899281942 -0.21850055724160483 0.616920449170107 0.2524253953035973 0.7127047675487265
0.31808129471215807 0.014645177634404594 0.07085666899281942 -0.616920449170107 -0.21850055724160483 0.7127047675487265 -0.2524253953035973
0.32052079619660334 -0.015587993111370418 0.07494333631202965 -0.648193984694242 0.2269608426687442 0.6860273189403223 0.24020793444190755
0.2878832852881104 -0.02108784982778339 0.07494333631245663 -0.2978568113043972 0.6188279131323768 0.3152419100704137 0.6549472284260477
0.2823834043572907 0.011549678776322219 0.07494333631202965 0.22696084266874417 0.6481939846942419 -0.24020793444190752 0.6860273189403222
0.315020945068106 0.017049536424057765 0.07494333631245663 -0.6188279131323768 -0.2978568113043972 0.6549472284260477 -0.3152419100704137
0.32231240052462423 -0.004286658944898759 0.07099000232470119 -0.700234981171117 0.06834450383392912 0.7072726954159102 0.06903140052970516
0.29918459523741203 -0.02287943552862187 0.07099000232469514 -0.4468140407726328 0.5434677663168533 0.4513047469578928 0.5489298910756042
0.303719605316482 0.018841122124896244 0.07099000232469514 -0.5434677663168533 -0.4468140407726328 0.5489298910756042 -0.4513047469578928
0.2805918298315922 0.00024834460985056014 0.07099000232470119 0.06834450383392912 0.700234981171117 -0.06903140052970516 0.7072726954159102
0.3061597598689417 0.021148537133441166 0.07499000298034623 -0.5434677663168533 -0.4468140407726328 0.5489298910756042 -0.4513047469578928
0.2967444406849523 -0.02518685053716679 0.07499000298034623 -0.4468140407726328 0.5434677663168533 0.4513047469578928 0.5489298910756042
0.32461981553316915 -0.006726817222648774 0.07499000298035229 -0.700234981171117 0.06834450383392912 0.7072726954159102 0.06903140052970516
0.2782844148230473 0.0026885028876005752 0.07499000298035229 0.06834450383392912 0.700234981171117 -0.06903140052970516 0.7072726954159102
0.27460785132168924 0.004033512430602227 0.054989999702096816 0.06834450383392912 0.700234981171117 -0.06903140052970516 0.7072726954159102
0.29539943207327324 -0.028863414038524823 0.05498999970209077 -0.4468140407726328 0.5434677663168533 0.4513047469578928 0.5489298910756042
0.3282963790345272 -0.008071826765650426 0.054989999702096816 -0.700234981171117 0.06834450383392912 0.7072726954159102 0.06903140052970516
0.3075047684806208 0.0248251006347992 0.05498999970209077 -0.5434677663168533 -0.4468140407726328 0.5489298910756042 -0.4513047469578928
0.2754507802081028 0.004458633711898242 0.07099000232470119 0.06834450383392912 0.700234981171117 -0.06903140052970516 0.7072726954159102
0.29497433174673515 -0.02802048515211125 0.07099000232469514 -0.4468140407726328 0.5434677663168533 0.4513047469578928 0.5489298910756042
0.3079298986094813 0.023982171748385624 0.07099000232469514 -0.5434677663168533 -0.4468140407726328 0.5489298910756042 -0.4513047469578928
0.3274534501481136 -0.008496947581285153 0.07099000232470119 -0.700234981171117 0.06834450383392912 0.7072726954159102 0.06903140052970516
0.3253432846146878 -0.013638465515100204 0.05490333303927639 -0.6579212152289095 0.13713622133310813 0.7249151775821929 0.1511003529485271
0.313071425853273 0.02187200621581353 0.054903333039672444 -0.562190504530109 -0.3682506014442031 0.6194365220867336 -0.4057483533635791
0.2775609457415286 0.009600151180052006 0.05490333303927639 0.13713622133310813 0.6579212152289095 -0.1511003529485271 0.7249151775821929
0.2898328045029434 -0.025910319619539154 0.054903333039672444 -0.3682506014442031 0.562190504530109 0.4057483533635791 0.6194365220867336
0.3261468269276699 -0.008830679575318013 0.060990000685573455 -0.700234981171117 0.06834450383392912 0.7072726954159102 0.06903140052970516
0.3082636250155787 0.0226755485279419 0.06099000068556741 -0.5434677663168533 -0.4468140407726328 0.5489298910756042 -0.4513047469578928
0.29464057553831535 -0.026713861931667523 0.06099000068556741 -0.4468140407726328 0.5434677663168533 0.4513047469578928 0.5489298910756042
0.27675740342854654 0.004792365240269814 0.060990000685573455 0.06834450383392912 0.700234981171117 -0.06903140052970516 0.7072726954159102
0.31830919534028956 0.014939043208314443 0.06484333094947961 -0.2433682062821819 0.6020287227397851 -0.2850153950796226 -0.7050528758432967
0.2844939208559558 0.014837927185491413 0.06484333094855553 0.5977859009637061 -0.253611283226268 0.7000839885090754 0.2970113510668588
0.28459503501592687 -0.018977357543362643 0.06484333094947961 0.6020287227397851 0.2433682062821819 0.7050528758432967 -0.2850153950796226
0.3184103095002606 -0.018876241520539613 0.06484333094855553 0.253611283226268 0.5977859009637061 0.2970113510668588 -0.7000839885090754
0.3164506155780623 -0.021878151846584936 0.06499666428241334 0.3457737688757669 0.6154460447976028 0.3469282755362171 -0.6175009622129359
0.3213111038083088 0.012979344621636798 0.06499666428239238 -0.1906870918996382 0.6796850493220719 -0.1913237784561906 -0.6819544548634889
0.28159312654790764 -0.017017658025362422 0.06499666428239238 0.6796850493220719 0.19068709189963817 0.6819544548634888 -0.19132377845619059
0.2864536147781541 0.017839838442859312 0.06499666428241334 0.6154460447976028 -0.3457737688757669 0.6175009622129359 0.3469282755362171
0.3065197141230293 -0.02430630159081642 0.07095000232438414 0.4704855842969475 0.5036301369757978 0.49462853564242726 -0.5294739009873172
0.3237392591360663 0.003048448059034382 0.07095000232439878 -0.023436736668234606 0.6888038322216019 -0.02463939200379802 -0.7241497776377911
0.2791649712201501 -0.007086762161251937 0.07095000232439878 0.6888038322216019 0.023436736668234606 0.7241497776377911 -0.02463939200379802
0.2963845162331871 0.020267988187090795 0.07095000232438414 0.5036301369757978 -0.4704855842969475 0.5294739009873172 0.49462853564242726
0.3185389740004386 -0.01731126656479919 0.07108333565947289 0.2890935783515852 0.6768246230758339 0.2659274145792382 -0.6225881003756283
0.2843652265534554 0.01327295222975099 0.07108333565947289 0.6768246230758339 -0.2890935783515852 0.6225881003756283 0.2659274145792382
0.2861600118299265 -0.01910602762668304 0.0710833356594571 0.683007311379428 0.27416724829968275 0.6282753464707231 -0.2521971878889972
0.3167442185262899 0.015067714222957416 0.0710833356594571 -0.27416724829968275 0.683007311379428 -0.2521971878889972 -0.6282753464707231
0.27993997154936834 0.013499883148728225 0.06494333094761162 0.648193984694242 -0.22696084266874417 0.6860273189403223 0.2402079344419076
0.316971149440512 0.01949299344636707 0.0649433309480386 -0.29785681130439723 0.6188279131323768 -0.31524191007041363 -0.6549472284260477
0.3229642588068481 -0.017538197483776424 0.06494333094761162 0.22696084266874417 0.648193984694242 0.2402079344419076 -0.6860273189403223
0.2859330809157044 -0.023531306850092693 0.0649433309480386 0.6188279131323768 0.29785681130439723 0.6549472284260477 -0.31524191007041363
0.2827797060137737 -0.01424977944079869 0.07099666899115932 0.6796850493220719 0.19068709189963817 0.6819544548634888 -0.19132377845619059
0.3136827248863051 -0.020691572380718847 0.07099666899118028 0.3457737688757669 0.6154460447976028 0.3469282755362171 -0.6175009622129359
0.28922147566758893 0.016653258976993223 0.07099666899118028 0.6154460447976028 -0.3457737688757669 0.6175009622129359 0.3469282755362171
0.3201245243424427 0.010211465105750491 0.07099666899115932 -0.1906870918996382 0.6796850493220719 -0.1913237784561906 -0.6819544548634889
0.28572874242265417 -0.020475813144137187 0.06508333095069016 0.683007311379428 0.27416724829968275 0.6282753464707231 -0.2521971878889972
0.31990877814434426 -0.017742535972071528 0.06508333095070595 0.2890935783515852 0.6768246230758339 0.2659274145792382 -0.6225881003756283
0.31717548793356226 0.016437499740411563 0.06508333095069016 -0.27416724829968275 0.683007311379428 -0.2521971878889972 -0.6282753464707231
0.28299545221187217 0.013704221637023329 0.06508333095070595 0.6768246230758339 -0.2890935783515852 0.6225881003756283 0.2659274145792382
0.28625981027566694 0.018158008036670347 0.07499666964683137 0.6154460447976028 -0.3457737688757669 0.6175009622129359 0.3469282755362171
0.3166443902782271 -0.02219632144039597 0.07499666964683137 0.3457737688757669 0.6154460447976028 0.3469282755362171 -0.6175009622129359
0.2812749569540966 -0.017211440176107814 0.07499666964681041 0.6796850493220719 0.19068709189963817 0.6819544548634888 -0.19132377845619059
0.32162927340211983 0.01317312677238219 0.07499666964681041 -0.1906870918996382 0.6796850493220719 -0.1913237784561906 -0.6819544548634889
0.27661951328579604 -0.0012543309135589079 0.07486333631396402 0.6552061155263992 -0.04869920987754431 0.751805069055246 0.055879077273577195
0.3262847170704204 -0.002783983421489291 0.07486333631396402 0.04869920987754431 0.6552061155263992 0.055879077273577195 -0.751805069055246
0.30068728263826633 -0.026851753937526684 0.07486333631311996 0.49773622778052595 0.42886514663548037 0.5711189378828272 -0.49209398731109466
0.3022169477179501 0.02281344053380106 0.07486333631311996 -0.4288651466354804 0.497736227780526 -0.4920939873110947 -0.5711189378828272
0.3229642588068481 -0.017538197483776424 0.07094333565637856 0.22696084266874417 0.648193984694242 0.2402079344419076 -0.6860273189403223
0.316971149440512 0.01949299344636707 0.07094333565680554 -0.29785681130439723 0.6188279131323768 -0.31524191007041363 -0.6549472284260477
0.27993997154936834 0.013499883148728225 0.07094333565637856 0.648193984694242 -0.22696084266874417 0.6860273189403223 0.2402079344419076
0.2859330809157044 -0.023531306850092693 0.07094333565680554 0.6188279131323768 0.29785681130439723 0.6549472284260477 -0.31524191007041363
0.2866071861454179 0.017587651190814634 0.054996666368575906 0.6154460447976028 -0.3457737688757669 0.6175009622129359 0.3469282755362171
0.2818453137999523 -0.016864069894292285 0.05499666636855495 0.6796850493220719 0.19068709189963817 0.6819544548634888 -0.19132377845619059
0.31629701440847613 -0.02162596459454026 0.054996666368575906 0.3457737688757669 0.6154460447976028 0.3469282755362171 -0.6175009622129359
0.3210589165562641 0.012825755559244086 0.05499666636855495 -0.1906870918996382 0.6796850493220719 -0.1913237784561906 -0.6819544548634889
0.31752479025436176 -0.0004989872858960423 0.07505000298408604 -0.07121551104639705 0.7210605750651635 -0.06773946264333625 -0.6858654119241533
0.30297227993076525 -0.018091838298718216 0.0750500029839294 0.45950985345499884 0.5602237913783628 0.43708105214086396 -0.5328791157578364
0.2853794401018547 -0.0035393270491521564 0.07505000298408604 0.7210605750651635 0.07121551104639705 0.6858654119241533 -0.06773946264333625
0.2999319504254512 0.014053523963670017 0.0750500029839294 0.5602237913783628 -0.45950985345499884 0.5328791157578364 0.43708105214086396
0.2847877668785454 0.014610028425563894 0.07085666899357934 0.5907318577343603 -0.2817254102078979 0.6824500813653237 0.32546666794829615
0.31811643367534864 -0.018648342760612092 0.07085666899357934 0.2817254102078979 0.5907318577343603 0.32546666794829615 -0.6824500813653237
0.28482293564405836 -0.018683491038130218 0.07085666899281942 0.616920449170107 0.21850055724160486 0.7127047675487265 -0.25242539530359726
0.31808129471215807 0.014645177634404594 0.07085666899281942 -0.21850055724160486 0.616920449170107 -0.25242539530359726 -0.7127047675487265
0.32052079619660334 -0.015587993111370418 0.07494333631202965 0.22696084266874417 0.648193984694242 0.2402079344419076 -0.6860273189403223
0.2878832852881104 -0.02108784982778339 0.07494333631245663 0.6188279131323768 0.29785681130439723 0.6549472284260477 -0.31524191007041363
0.2823834043572907 0.011549678776322219 0.07494333631202965 0.648193984694242 -0.22696084266874417 0.6860273189403223 0.2402079344419076
0.315020945068106 0.017049536424057765 0.07494333631245663 -0.29785681130439723 0.6188279131323768 -0.31524191007041363 -0.6549472284260477
0.32231240052462423 -0.004286658944898759 0.07099000232470119 0.06834450383392908 0.700234981171117 0.0690314005297052 -0.7072726954159102
0.29918459523741203 -0.02287943552862187 0.07099000232469514 0.5434677663168533 0.44681404077263287 0.5489298910756042 -0.45130474695789274
0.303719605316482 0.018841122124896244 0.07099000232469514 -0.44681404077263287 0.5434677663168533 -0.45130474695789274 -0.5489298910756042
0.2805918298315922 0.00024834460985056014 0.07099000232470119 0.700234981171117 -0.06834450383392908 0.7072726954159102 0.0690314005297052
0.3061597598689417 0.021148537133441166 0.07499000298034623 -0.44681404077263287 0.5434677663168533 -0.45130474695789274 -0.5489298910756042
0.2967444406849523 -0.02518685053716679 0.07499000298034623 0.5434677663168533 0.44681404077263287 0.5489298910756042 -0.45130474695789274
0.32461981553316915 -0.006726817222648774 0.07499000298035229 0.06834450383392908 0.700234981171117 0.0690314005297052 -0.7072726954159102
0.2782844148230473 0.0026885028876005752 0.07499000298035229 0.700234981171117 -0.06834450383392908 0.7072726954159102 0.0690314005297052
0.27460785132168924 0.004033512430602227 0.054989999702096816 0.700234981171117 -0.06834450383392908 0.7072726954159102 0.0690314005297052
0.29539943207327324 -0.028863414038524823 0.05498999970209077 0.5434677663168533 0.44681404077263287 0.5489298910756042 -0.45130474695789274
0.3282963790345272 -0.008071826765650426 0.054989999702096816 0.06834450383392908 0.700234981171117 0.0690314005297052 -0.7072726954159102
0.3075047684806208 0.0248251006347992 0.05498999970209077 -0.44681404077263287 0.5434677663168533 -0.45130474695789274 -0.5489298910756042
0.2754507802081028 0.004458633711898242 0.07099000232470119 0.700234981171117 -0.06834450383392908 0.7072726954159102 0.0690314005297052
0.29497433174673515 -0.02802048515211125 0.07099000232469514 0.5434677663168533 0.44681404077263287 0.5489298910756042 -0.45130474695789274
0.3079298986094813 0.023982171748385624 0.07099000232469514 -0.44681404077263287 0.5434677663168533 -0.45130474695789274 -0.5489298910756042
0.3274534501481136 -0.008496947581285153 0.07099000232470119 0.06834450383392908 0.700234981171117 0.0690314005297052 -0.7072726954159102
0.3253432846146878 -0.013638465515100204 0.05490333303927639 0.1371362213331081 0.6579212152289095 0.15110035294852717 -0.7249151775821929
0.313071425853273 0.02187200621581353 0.054903333039672444 -0.36825060144420313 0.562190504530109 -0.40574835336357906 -0.6194365220867336
0.2775609457415286 0.009600151180052006 0.05490333303927639 0.6579212152289095 -0.1371362213331081 0.7249151775821929 0.15110035294852717
0.2898328045029434 -0.025910319619539154 0.054903333039672444 0.562190504530109 0.36825060144420313 0.6194365220867336 -0.40574835336357906
0.3261468269276699 -0.008830679575318013 0.060990000685573455 0.06834450383392908 0.700234981171117 0.0690314005297052 -0.7072726954159102
0.3082636250155787 0.0226755485279419 0.06099000068556741 -0.44681404077263287 0.5434677663168533 -0.45130474695789274 -0.5489298910756042
0.29464057553831535 -0.026713861931667523 0.06099000068556741 0.5434677663168533 0.44681404077263287 0.5489298910756042 -0.45130474695789274
0.27675740342854654 0.004792365240269814 0.060990000685573455 0.700234981171117 -0.06834450383392908 0.7072726954159102 0.0690314005297052
