0.30049421375311114 -0.012060992111918589 0.05099666571292481 -0.6154460447976028 0.34577376887576694 0.6175009622129359 0.346928275536217
0.2990003030964067 0.010104948346969744 0.05099666571292481 0.34577376887576694 0.6154460447976028 -0.346928275536217 0.6175009622129359
0.2886642937785137 -0.0017249701017149578 0.05099666571290386 -0.19068709189963814 0.6796850493220719 0.19132377845619064 0.6819544548634888
0.3108302230710041 -0.00023107401247985228 0.05099666571290386 -0.6796850493220719 -0.19068709189963817 0.6819544548634889 -0.19132377845619067
0.2840774390537567 -0.008471509888014877 0.05113666572553842 -0.1546811157332881 0.7378394757952937 0.13480623598606384 0.643034943943874
0.307240754817355 -0.016647847770517317 0.05113666572525756 -0.6311073632708251 0.41235522973679417 0.5500167745024852 0.35937196370883595
0.2922537620321628 0.014691803074245896 0.05113666572525756 0.41235522973679417 0.6311073632708251 -0.35937196370883595 0.5500167745024852
0.3154170777957611 0.006515465657404745 0.05113666572553842 -0.7378394757952937 -0.1546811157332881 0.643034943943874 -0.13480623598606384
0.30332913256901767 0.0007368818729683787 0.13708332785124863 -0.27416724829968264 0.683007311379428 0.2521971878889972 0.6282753464707231
0.30198216645133286 -0.004612150045656582 0.13708332785126442 0.2890935783515853 0.6768246230758339 -0.26592741457923813 0.6225881003756283
0.2966331345419149 -0.0032651839281720688 0.13708332785124863 -0.683007311379428 -0.2741672482996827 0.6282753464707231 -0.25219718788899725
0.29798010065959973 0.002083847990452869 0.13708332785126442 -0.6768246230758339 0.28909357835158533 0.6225881003756283 0.26592741457923813
0.3015460259969425 0.0017947782507552416 0.07117000232579783 -0.6748817912544413 -0.3599091113622096 0.5684258588660765 -0.3031370026308644
0.3025200511151528 -0.0027767954962951724 0.07117000232714175 -0.7317076658143887 0.22271931453908642 0.6162880109287008 0.18758754304389214
0.29697446573436503 0.0008207514112041923 0.07117000232714175 0.22271931453908642 0.7317076658143887 -0.18758754304389214 0.6162880109287008
0.2979484908525753 -0.00375082224853473 0.07117000232579783 -0.3599091113622096 0.6748817912544413 0.3031370026308644 0.5684258588660765
0.3028140861324141 -0.006302349427250285 0.058996667024227 -0.6154460447976028 0.34577376887576694 0.6175009622129359 0.346928275536217
0.2966804307171037 0.0043463054294707966 0.058996667024227 0.34577376887576694 0.6154460447976028 -0.346928275536217 0.6175009622129359
0.2944229369288433 -0.0040448470212154876 0.05899666702420604 -0.19068709189963814 0.6796850493220719 0.19132377845619064 0.6819544548634888
0.3050715799206745 0.0020888030234359994 0.05899666702420604 -0.6796850493220719 -0.19068709189963817 0.6819544548634889 -0.19132377845619067
0.28730334387098827 0.0012233288319661577 0.050963332378528015 0.0067711838052552835 0.6939890612762152 -0.00702418394203513 0.7199194362835203
0.3019486150817759 0.011465898259126832 0.05096333237854105 -0.4955123225340341 -0.4859364200434158 0.5140267648262394 -0.5040930657473742
0.2975459017677419 -0.013421942024075676 0.05096333237854105 -0.4859364200434157 0.495512322534034 0.5040930657473741 0.5140267648262393
0.31219117297852955 -0.003179372946160968 0.050963332378528015 -0.6939890612762152 0.0067711838052552835 0.7199194362835203 0.00702418394203513
0.2976551320712738 -0.0014669127024792784 0.12113666602356164 -0.7378394757952937 -0.1546811157332881 0.643034943943874 -0.13480623598606384
0.30018389522519123 -0.0035901525140116745 0.12113666602328078 0.41235522973679417 0.6311073632708251 -0.35937196370883595 0.5500167745024852
0.3023071350396588 -0.0010613893527244116 0.12113666602356164 -0.15468111573328808 0.7378394757952937 0.1348062359860638 0.643034943943874
0.29977837188574136 0.0010618504588079617 0.12113666602328078 -0.6311073632708251 0.4123552297367942 0.5500167745024852 0.359371963708836
0.2998545271734457 -0.00018221144259996898 0.12108333267922486 -0.683007311379428 -0.2741672482996827 0.6282753464707231 -0.25219718788899725
0.29889919396576076 -0.00139075741412582 0.12108333267924065 0.2890935783515853 0.6768246230758339 -0.26592741457923813 0.6225881003756283
0.3001077399374869 -0.0023460906126037207 0.12108333267922486 -0.27416724829968264 0.683007311379428 0.2521971878889972 0.6282753464707231
0.30106307314517183 -0.001137544641077893 0.12108333267924065 -0.6768246230758339 0.28909357835158533 0.6225881003756283 0.26592741457923813
0.3103423315814803 -0.01424389301752772 0.05099666571292481 -0.6154460447976028 0.34577376887576694 0.6175009622129359 0.346928275536217
0.28915218526803754 0.012287849252578874 0.05099666571292481 0.34577376887576694 0.6154460447976028 -0.346928275536217 0.6175009622129359
0.31301312397661324 0.009617042884566714 0.05099666571290386 -0.6796850493220719 -0.19068709189963817 0.6819544548634889 -0.19132377845619067
0.2864813928729046 -0.01157308664951556 0.05099666571290386 -0.19068709189963814 0.6796850493220719 0.19132377845619064 0.6819544548634888
0.3021299313828425 -0.005325205785501243 0.11101000143101582 0.37485381017743935 0.6037256175181114 -0.37112382860660986 0.5977182476620594
0.2959200787996902 -0.0034129488592669053 0.11101000143092829 -0.691960149610755 -0.16183680532892214 0.6850748024418364 -0.1602264486621013
0.3040421883112424 0.0008846468040631923 0.11101000143092829 -0.16183680532892222 0.691960149610755 0.16022644866210137 0.6850748024418364
0.29783233572809015 0.002796903730297554 0.11101000143101582 -0.6037256175181115 0.3748538101774394 0.5977182476620595 0.3711238286066099
0.3016824222744802 0.0010001699350604726 0.12112999934910305 -0.6112255344272093 -0.4374966839202823 0.5363174062156433 -0.38387971737649
0.2977168125892515 0.0004371376804766828 0.12112999935035076 0.1228448446254028 0.7415585932007591 -0.10778971913181516 0.6506776263623609
0.3022454545216811 -0.0029654397356803732 0.12112999935035076 -0.7415585932007591 0.12284484462540286 0.6506776263623609 0.10778971913181522
0.29827984483645237 -0.003528471990264185 0.12112999934910305 -0.4374966839202823 0.6112255344272092 0.38387971737649 0.5363174062156432
0.3015149864391739 -0.005197460455933213 0.12099666601094804 0.34577376887576694 0.6154460447976028 -0.346928275536217 0.6175009622129359
0.3039144429790612 0.00026970186388283605 0.12099666601092708 -0.19068709189963812 0.6796850493220719 0.1913237784561906 0.6819544548634888
0.2984472806717587 0.0026691584007295004 0.12099666601094804 -0.6154460447976027 0.34577376887576694 0.6175009622129358 0.346928275536217
0.2960478241318714 -0.0027980039190865264 0.12099666601092708 -0.6796850493220719 -0.19068709189963817 0.6819544548634889 -0.19132377845619067
0.3018427737432545 -0.004869825923131642 0.13085666392718454 0.2817254102078979 0.5907318577343602 -0.32546666794829604 0.6824500813653236
0.3035868084564375 0.0005974891536431825 0.13085666392642462 -0.21850055724160478 0.616920449170107 0.2524253953035973 0.7127047675487265
0.2963754586544951 -0.003125791208846873 0.13085666392642462 -0.616920449170107 -0.21850055724160483 0.7127047675487265 -0.2524253953035973
0.29811949336767807 0.002341523867927928 0.13085666392718454 -0.5907318577343603 0.28172541020789793 0.6824500813653237 0.32546666794829615
0.304689925266636 0.002576920957859414 0.09102999815181774 -0.3792488995883361 0.6092374511977243 0.36803708703524934 0.591226439518519
0.29668785729010977 -0.005732476658121802 0.09102999815181774 -0.6092374511977243 -0.3792488995883361 0.591226439518519 -0.36803708703524934
0.29653419246383483 0.0024232561248085606 0.09102999815160227 -0.6989654004995928 0.16262646948627876 0.6783017434461382 0.15781870980590917
0.30484359009291095 -0.005578811825070941 0.09102999815160227 0.1626264694862787 0.6989654004995928 -0.15781870980590912 0.6783017434461382
0.30049421375311114 -0.012060992111918589 0.05099666571292481 0.3457737688757669 0.6154460447976028 0.3469282755362171 -0.6175009622129359
0.2990003030964067 0.010104948346969744 0.05099666571292481 0.6154460447976028 -0.3457737688757669 0.6175009622129359 0.3469282755362171
0.2886642937785137 -0.0017249701017149578 0.05099666571290386 0.6796850493220719 0.19068709189963817 0.6819544548634888 -0.19132377845619059
0.3108302230710041 -0.00023107401247985228 0.05099666571290386 -0.1906870918996382 0.6796850493220719 -0.1913237784561906 -0.6819544548634889
0.2840774390537567 -0.008471509888014877 0.05113666572553842 0.7378394757952937 0.15468111573328816 0.643034943943874 -0.1348062359860638
0.307240754817355 -0.016647847770517317 0.05113666572525756 0.4123552297367941 0.6311073632708251 0.359371963708836 -0.5500167745024852
0.2922537620321628 0.014691803074245896 0.05113666572525756 0.6311073632708251 -0.4123552297367941 0.5500167745024852 0.359371963708836
0.3154170777957611 0.006515465657404745 0.05113666572553842 -0.15468111573328816 0.7378394757952937 -0.1348062359860638 -0.643034943943874
0.30332913256901767 0.0007368818729683787 0.13708332785124863 0.683007311379428 0.2741672482996827 0.6282753464707231 -0.25219718788899714
0.30198216645133286 -0.004612150045656582 0.13708332785126442 0.6768246230758339 -0.2890935783515852 0.6225881003756283 0.2659274145792382
0.2966331345419149 -0.0032651839281720688 0.13708332785124863 -0.27416724829968275 0.683007311379428 -0.2521971878889972 -0.6282753464707231
0.29798010065959973 0.002083847990452869 0.13708332785126442 0.2890935783515853 0.6768246230758339 0.2659274145792382 -0.6225881003756283
0.3015460259969425 0.0017947782507552416 0.07117000232579783 -0.35990911136220965 0.6748817912544413 -0.30313700263086435 -0.5684258588660765
0.3025200511151528 -0.0027767954962951724 0.07117000232714175 0.22271931453908636 0.7317076658143887 0.18758754304389216 -0.6162880109287008
0.29697446573436503 0.0008207514112041923 0.07117000232714175 0.7317076658143887 -0.22271931453908636 0.6162880109287008 0.18758754304389216
0.2979484908525753 -0.00375082224853473 0.07117000232579783 0.6748817912544413 0.35990911136220965 0.5684258588660765 -0.30313700263086435
0.3028140861324141 -0.006302349427250285 0.058996667024227 0.3457737688757669 0.6154460447976028 0.3469282755362171 -0.6175009622129359
0.2966804307171037 0.0043463054294707966 0.058996667024227 0.6154460447976028 -0.3457737688757669 0.6175009622129359 0.3469282755362171
0.2944229369288433 -0.0040448470212154876 0.05899666702420604 0.6796850493220719 0.19068709189963817 0.6819544548634888 -0.19132377845619059
0.3050715799206745 0.0020888030234359994 0.05899666702420604 -0.1906870918996382 0.6796850493220719 -0.1913237784561906 -0.6819544548634889
0.28730334387098827 0.0012233288319661577 0.050963332378528015 0.6939890612762152 -0.006771183805255241 0.7199194362835203 0.0070241839420351745
0.3019486150817759 0.011465898259126832 0.05096333237854105 -0.48593642004341575 0.49551232253403393 -0.5040930657473741 -0.5140267648262393
0.2975459017677419 -0.013421942024075676 0.05096333237854105 0.49551232253403393 0.48593642004341575 0.5140267648262393 -0.5040930657473741
0.31219117297852955 -0.003179372946160968 0.050963332378528015 0.006771183805255241 0.6939890612762152 0.0070241839420351745 -0.7199194362835203
0.2976551320712738 -0.0014669127024792784 0.12113666602356164 -0.15468111573328816 0.7378394757952937 -0.1348062359860638 -0.643034943943874
0.30018389522519123 -0.0035901525140116745 0.12113666602328078 0.6311073632708251 -0.4123552297367941 0.5500167745024852 0.359371963708836
0.3023071350396588 -0.0010613893527244116 0.12113666602356164 0.7378394757952937 0.15468111573328813 0.643034943943874 -0.13480623598606378
0.29977837188574136 0.0010618504588079617 0.12113666602328078 0.41235522973679417 0.6311073632708251 0.35937196370883606 -0.5500167745024852
0.2998545271734457 -0.00018221144259996898 0.12108333267922486 -0.27416724829968275 0.683007311379428 -0.2521971878889972 -0.6282753464707231
0.29889919396576076 -0.00139075741412582 0.12108333267924065 0.6768246230758339 -0.2890935783515852 0.6225881003756283 0.2659274145792382
0.3001077399374869 -0.0023460906126037207 0.12108333267922486 0.683007311379428 0.2741672482996827 0.6282753464707231 -0.25219718788899714
0.30106307314517183 -0.001137544641077893 0.12108333267924065 0.2890935783515853 0.6768246230758339 0.2659274145792382 -0.6225881003756283
0.3103423315814803 -0.01424389301752772 0.05099666571292481 0.3457737688757669 0.6154460447976028 0.3469282755362171 -0.6175009622129359
0.28915218526803754 0.012287849252578874 0.05099666571292481 0.6154460447976028 -0.3457737688757669 0.6175009622129359 0.3469282755362171
0.31301312397661324 0.009617042884566714 0.05099666571290386 -0.1906870918996382 0.6796850493220719 -0.1913237784561906 -0.6819544548634889
0.2864813928729046 -0.01157308664951556 0.05099666571290386 0.6796850493220719 0.19068709189963817 0.6819544548634888 -0.19132377845619059
0.3021299313828425 -0.005325205785501243 0.11101000143101582 0.6037256175181115 -0.37485381017743935 0.5977182476620595 0.37112382860661
0.2959200787996902 -0.0034129488592669053 0.11101000143092829 -0.1618368053289222 0.691960149610755 -0.16022644866210126 -0.6850748024418364
0.3040421883112424 0.0008846468040631923 0.11101000143092829 0.691960149610755 0.16183680532892228 0.6850748024418364 -0.1602264486621013
0.29783233572809015 0.002796903730297554 0.11101000143101582 0.37485381017743935 0.6037256175181115 0.37112382860661 -0.5977182476620595
0.3016824222744802 0.0010001699350604726 0.12112999934910305 -0.43749668392028235 0.6112255344272093 -0.38387971737648996 -0.5363174062156433
0.2977168125892515 0.0004371376804766828 0.12112999935035076 0.7415585932007591 -0.12284484462540275 0.6506776263623609 0.1077897191318152
0.3022454545216811 -0.0029654397356803732 0.12112999935035076 0.12284484462540282 0.7415585932007591 0.10778971913181526 -0.6506776263623609
0.29827984483645237 -0.003528471990264185 0.12112999934910305 0.6112255344272092 0.43749668392028235 0.5363174062156432 -0.38387971737648996
0.3015149864391739 -0.005197460455933213 0.12099666601094804 0.6154460447976028 -0.3457737688757669 0.6175009622129359 0.3469282755362171
0.3039144429790612 0.00026970186388283605 0.12099666601092708 0.6796850493220719 0.19068709189963814 0.6819544548634888 -0.19132377845619056
0.2984472806717587 0.0026691584007295004 0.12099666601094804 0.3457737688757669 0.6154460447976027 0.3469282755362171 -0.6175009622129358
0.2960478241318714 -0.0027980039190865264 0.12099666601092708 -0.1906870918996382 0.6796850493220719 -0.1913237784561906 -0.6819544548634889
0.3018427737432545 -0.004869825923131642 0.13085666392718454 0.5907318577343603 -0.2817254102078979 0.6824500813653237 0.32546666794829615
0.3035868084564375 0.0005974891536431825 0.13085666392642462 0.616920449170107 0.2185005572416048 0.7127047675487265 -0.25242539530359726
0.2963754586544951 -0.003125791208846873 0.13085666392642462 -0.21850055724160486 0.616920449170107 -0.25242539530359726 -0.7127047675487265
0.29811949336767807 0.002341523867927928 0.13085666392718454 0.2817254102078978 0.5907318577343602 0.32546666794829615 -0.6824500813653236
0.304689925266636 0.002576920957859414 0.09102999815181774 0.6092374511977243 0.37924889958833613 0.591226439518519 -0.3680370870352493
0.29668785729010977 -0.005732476658121802 0.09102999815181774 -0.37924889958833613 0.6092374511977243 -0.3680370870352493 -0.591226439518519
0.29653419246383483 0.0024232561248085606 0.09102999815160227 0.1626264694862787 0.6989654004995928 0.1578187098059092 -0.6783017434461382
0.30484359009291095 -0.005578811825070941 0.09102999815160227 0.6989654004995928 -0.16262646948627865 0.6783017434461382 0.15781870980590915
