-0.27778081404972765 -0.31557466188412164 0.05102999904567194 -0.6989654004995928 0.16262646948627868 0.6783017434461382 0.1578187098059091
-0.3226853479165962 -0.28914715250987555 0.05102999904567194 0.16262646948627868 0.6989654004995928 -0.1578187098059091 0.6783017434461382
-0.2870193263093623 -0.2799086402570169 0.05102999904588741 -0.6092374511977243 -0.3792488995883361 0.591226439518519 -0.36803708703524934
-0.3134468356569616 -0.3248131741369803 0.05102999904588741 -0.3792488995883361 0.6092374511977243 0.36803708703524934 0.591226439518519
-0.2737056007000052 -0.3003225150150905 0.05483666637591818 -0.646729320944723 -0.00863263581293971 0.762602808959181 -0.010179331847705185
-0.32676056126631864 -0.3043992993789067 0.05483666637591818 -0.00863263581293971 0.646729320944723 0.010179331847705185 0.762602808959181
-0.2981946888182235 -0.328888387480592 0.05483666637581917 -0.46341087994815766 0.4512024969643538 0.5464394874697638 0.5320437478371383
-0.3022714731481004 -0.2758334269134052 0.05483666637581917 0.4512024969643538 0.46341087994815766 -0.5320437478371383 0.5464394874697638
-0.27567678590737216 -0.29740185761877397 0.050836665720267085 -0.646729320944723 -0.00863263581293971 0.762602808959181 -0.010179331847705185
-0.3051921305444169 -0.2778046121207721 0.050836665720168074 0.4512024969643538 0.46341087994815766 -0.5320437478371383 0.5464394874697638
-0.29527403142190695 -0.32691720227322507 0.050836665720168074 -0.46341087994815766 0.4512024969643538 0.5464394874697638 0.5320437478371383
-0.3247893760589517 -0.3073199567752232 0.050836665720267085 -0.00863263581293971 0.646729320944723 0.010179331847705185 0.762602808959181
-0.29151349233266344 -0.27973471711283876 0.07113000232933529 -0.6112255344272092 -0.4374966839202823 0.5363174062156432 -0.38387971737649
-0.2776068908954496 -0.3110804958365617 0.071130002330583 -0.7415585932007591 0.1228448446254028 0.6506776263623609 0.10778971913181516
-0.32285927107087425 -0.29364131855743547 0.071130002330583 0.1228448446254028 0.7415585932007591 -0.10778971913181516 0.6506776263623609
-0.3089526696336604 -0.32498709728115843 0.07113000232933529 -0.4374966839202823 0.6112255344272092 0.38387971737649 0.5363174062156432
-0.2941312409848232 -0.27717289905165404 0.05511666637024949 -0.5879975817945704 -0.4610771930383181 0.522969152492928 -0.41008527333284217
-0.32542108912827006 -0.2962590671977625 0.05511666637038243 0.08974626770000863 0.7418078872839948 -0.07982095693166379 0.6597691116077563
-0.30633492098150067 -0.32754891534234315 0.05511666637024949 -0.4610771930383181 0.5879975817945704 0.41008527333284217 0.522969152492928
-0.2750450728380538 -0.3084627471962347 0.05511666637038243 -0.7418078872839948 0.08974626770000863 0.6597691116077563 0.07982095693166379
-0.3273969007970879 -0.30585097214605345 0.055063333038815145 -0.039848090908952465 0.7280651056534003 0.03739946039485974 0.6833261387821985
-0.29674301601961334 -0.3295247270093301 0.05506333303886449 -0.54299663231358 0.486642913993377 0.5096299617877328 0.4567391308004818
-0.27306926116923597 -0.29887084224794375 0.055063333038815145 -0.7280651056534003 -0.039848090908952465 0.6833261387821985 -0.03739946039485974
-0.3037231459467105 -0.2751970873846671 0.05506333303886449 0.486642913993377 0.54299663231358 -0.4567391308004818 0.5096299617877328
-0.3089526696336604 -0.32498709728115843 0.06512999762056836 -0.4374966839202823 0.6112255344272092 0.38387971737649 0.5363174062156432
-0.32285927107087425 -0.29364131855743547 0.06512999762181607 0.1228448446254028 0.7415585932007591 -0.10778971913181516 0.6506776263623609
-0.2776068908954496 -0.3110804958365617 0.06512999762181607 -0.7415585932007591 0.1228448446254028 0.6506776263623609 0.10778971913181516
-0.29151349233266344 -0.27973471711283876 0.06512999762056836 -0.6112255344272092 -0.4374966839202823 0.5363174062156432 -0.38387971737649
-0.29288886047914703 -0.3239799453244546 0.061063334022341126 -0.54299663231358 0.486642913993377 0.5096299617877328 0.4567391308004818
-0.3075773014871768 -0.28074186906954257 0.061063334022341126 0.486642913993377 0.54299663231358 -0.4567391308004818 0.5096299617877328
-0.27861404285411145 -0.29501668670747744 0.06106333402229178 -0.7280651056534003 -0.039848090908952465 0.6833261387821985 -0.03739946039485974
-0.3218521191122124 -0.30970512768651975 0.06106333402229178 -0.039848090908952465 0.7280651056534003 0.03739946039485974 0.6833261387821985
-0.27240236794868683 -0.304578757033269 0.05097666571314023 -0.6978077191035459 0.03738610125143161 0.7142843696606395 0.038268862685316554
-0.328063794017637 -0.3001430573607282 0.05097666571314023 0.03738610125143161 0.6978077191035459 -0.038268862685316554 0.7142843696606395
-0.30245093083015634 -0.33019162023032084 0.05097666571312263 -0.46698860154825556 0.5198605384355272 0.4780151463733331 0.5321354963157496
-0.2980152311361675 -0.27453019416367636 0.05097666571312263 -0.5198605384355272 -0.46698860154825556 0.5321354963157496 -0.4780151463733331
-0.27778081404972765 -0.31557466188412164 0.05102999904567194 0.16262646948627862 0.6989654004995928 0.15781870980590912 -0.6783017434461382
-0.3226853479165962 -0.28914715250987555 0.05102999904567194 0.6989654004995928 -0.16262646948627862 0.6783017434461382 0.15781870980590912
-0.2870193263093623 -0.2799086402570169 0.05102999904588741 -0.37924889958833613 0.6092374511977243 -0.3680370870352493 -0.591226439518519
-0.3134468356569616 -0.3248131741369803 0.05102999904588741 0.6092374511977243 0.37924889958833613 0.591226439518519 -0.3680370870352493
-0.2737056007000052 -0.3003225150150905 0.05483666637591818 -0.00863263581293975 0.646729320944723 -0.010179331847705139 -0.762602808959181
-0.32676056126631864 -0.3043992993789067 0.05483666637591818 0.646729320944723 0.00863263581293975 0.762602808959181 -0.010179331847705139
-0.2981946888182235 -0.328888387480592 0.05483666637581917 0.45120249696435377 0.46341087994815766 0.5320437478371383 -0.5464394874697638
-0.3022714731481004 -0.2758334269134052 0.05483666637581917 0.4634108799481577 -0.4512024969643538 0.5464394874697639 0.5320437478371384
-0.27567678590737216 -0.29740185761877397 0.050836665720267085 -0.00863263581293975 0.646729320944723 -0.010179331847705139 -0.762602808959181
-0.3051921305444169 -0.2778046121207721 0.050836665720168074 0.4634108799481577 -0.4512024969643538 0.5464394874697639 0.5320437478371384
-0.29527403142190695 -0.32691720227322507 0.050836665720168074 0.45120249696435377 0.46341087994815766 0.5320437478371383 -0.5464394874697638
-0.3247893760589517 -0.3073199567752232 0.050836665720267085 0.646729320944723 0.00863263581293975 0.762602808959181 -0.010179331847705139
-0.29151349233266344 -0.27973471711283876 0.07113000232933529 -0.43749668392028235 0.6112255344272092 -0.38387971737648996 -0.5363174062156432
-0.2776068908954496 -0.3110804958365617 0.071130002330583 0.12284484462540275 0.7415585932007591 0.1077897191318152 -0.6506776263623609
-0.32285927107087425 -0.29364131855743547 0.071130002330583 0.7415585932007591 -0.12284484462540275 0.6506776263623609 0.1077897191318152
-0.3089526696336604 -0.32498709728115843 0.07113000232933529 0.6112255344272092 0.43749668392028235 0.5363174062156432 -0.38387971737648996
-0.2941312409848232 -0.27717289905165404 0.05511666637024949 -0.4610771930383182 0.5879975817945704 -0.4100852733328421 -0.522969152492928
-0.32542108912827006 -0.2962590671977625 0.05511666637038243 0.7418078872839948 -0.08974626770000858 0.6597691116077563 0.07982095693166383
-0.30633492098150067 -0.32754891534234315 0.05511666637024949 0.5879975817945704 0.4610771930383182 0.522969152492928 -0.4100852733328421
-0.2750450728380538 -0.3084627471962347 0.05511666637038243 0.08974626770000858 0.7418078872839948 0.07982095693166383 -0.6597691116077563
-0.3273969007970879 -0.30585097214605345 0.055063333038815145 0.7280651056534003 0.039848090908952506 0.6833261387821985 -0.037399460394859696
-0.29674301601961334 -0.3295247270093301 0.05506333303886449 0.48664291399337695 0.54299663231358 0.45673913080048184 -0.5096299617877328
-0.27306926116923597 -0.29887084224794375 0.055063333038815145 -0.039848090908952506 0.7280651056534003 -0.037399460394859696 -0.6833261387821985
-0.3037231459467105 -0.2751970873846671 0.05506333303886449 0.54299663231358 -0.48664291399337695 0.5096299617877328 0.45673913080048184
-0.3089526696336604 -0.32498709728115843 0.06512999762056836 0.6112255344272092 0.43749668392028235 0.5363174062156432 -0.38387971737648996
-0.32285927107087425 -0.29364131855743547 0.06512999762181607 0.7415585932007591 -0.12284484462540275 0.6506776263623609 0.1077897191318152
-0.2776068908954496 -0.3110804958365617 0.06512999762181607 0.12284484462540275 0.7415585932007591 0.1077897191318152 -0.6506776263623609
-0.29151349233266344 -0.27973471711283876 0.06512999762056836 -0.43749668392028235 0.6112255344272092 -0.38387971737648996 -0.5363174062156432
-0.29288886047914703 -0.3239799453244546 0.061063334022341126 0.48664291399337695 0.54299663231358 0.45673913080048184 -0.5096299617877328
-0.3075773014871768 -0.28074186906954257 0.061063334022341126 0.54299663231358 -0.48664291399337695 0.5096299617877328 0.45673913080048184
-0.27861404285411145 -0.29501668670747744 0.06106333402229178 -0.039848090908952506 0.7280651056534003 -0.037399460394859696 -0.6833261387821985
-0.3218521191122124 -0.30970512768651975 0.06106333402229178 0.7280651056534003 0.039848090908952506 0.6833261387821985 -0.037399460394859696
-0.27240236794868683 -0.304578757033269 0.05097666571314023 0.03738610125143157 0.6978077191035459 0.038268862685316596 -0.7142843696606395
-0.328063794017637 -0.3001430573607282 0.05097666571314023 0.6978077191035459 -0.03738610125143157 0.7142843696606395 0.038268862685316596
-0.30245093083015634 -0.33019162023032084 0.05097666571312263 0.5198605384355273 0.46698860154825567 0.5321354963157497 -0.4780151463733331
-0.2980152311361675 -0.27453019416367636 0.05097666571312263 -0.4669886015482556 0.5198605384355272 -0.47801514637333303 -0.5321354963157496
