0.3187583619826306 -0.1234410346085183 0.04749999906586719 -0.5198605384355272 -0.46698860154825556 0.5321354963157496 -0.4780151463733331
0.27968573199969543 -0.1260829653451002 0.07050000121860975 0.486642913993377 0.54299663231358 -0.4567391308004818 0.5096299617877328
0.4211402456109903 -0.4263144881271855 0.031499999613176004 -0.5977859009637061 0.2536112832262681 0.7000839885090754 0.2970113510668587
0.13465542220250937 -0.2891712408549243 0.078500001220352 0.01982926061140152 0.6516185945545127 -0.023064603010538007 0.7579366937563935
0.4444670853322372 -0.39657203159899435 0.060500002238286305 -0.652840623500824 0.19697492231095293 0.7002572043894378 0.2112814426028433
0.25856602749540036 -0.13196249123087575 0.059500002285830245 0.4186514110231148 0.5351613425742296 -0.4520785852225283 0.5778912408452824
0.35069381430882274 -0.14774436338490285 0.13449999341287083 -0.5414982942057375 -0.3895890122453516 0.6047328746439555 -0.43508407145611067
0.418012210429617 -0.19071482588503913 0.1675000014234853 -0.683007311379428 -0.2741672482996827 0.6282753464707231 -0.25219718788899725
0.3489917440726167 -0.14985561950749196 0.1284999961546845 -0.5414982942057375 -0.3895890122453516 0.6047328746439555 -0.43508407145611067
0.41872503560236907 -0.42285005755658306 0.047500002235780374 -0.5977859009637061 0.2536112832262681 0.7000839885090754 0.2970113510668587
0.4710381837560524 -0.30333792600600956 0.0695000028105823 -0.6939890612762152 0.0067711838052552835 0.7199194362835203 0.00702418394203513
0.4651188384186191 -0.26966122517047814 0.07850000290265224 -0.7210605750651635 -0.071215511046397 0.6858654119241533 -0.06773946264333629
0.25739598831845945 -0.12924466844072988 0.05150000097452806 0.4186514110231148 0.5351613425742296 -0.4520785852225283 0.5778912408452824
0.4469201144879684 -0.39786440930933675 0.05050000059915857 -0.652840623500824 0.19697492231095293 0.7002572043894378 0.2112814426028433
0.4685010145794315 -0.2665902448600381 0.08250000355830334 -0.7210605750651635 -0.071215511046397 0.6858654119241533 -0.06773946264333629
0.2958934994589083 -0.13720476639043155 0.0804999977981026 0.4512024969643538 0.46341087994815766 -0.5320437478371383 0.5464394874697638
0.1430392585980824 -0.2700512845495471 0.14949999310386736 0.06834450383392912 0.700234981171117 -0.06903140052970516 0.7072726954159102
0.1372874415409125 -0.303572168845293 0.11649999706695073 -0.008003320717062867 0.7336683728644166 0.007411546602616865 0.6794201457808979
0.2816633843110205 -0.13298750779123666 0.094500001427226 0.486642913993377 0.54299663231358 -0.4567391308004818 0.5096299617877328
0.4728232236577858 -0.30435323152511357 0.07550000006876864 -0.6939890612762152 0.0067711838052552835 0.7199194362835203 0.00702418394203513
0.13632428872465405 -0.2675308127382525 0.0995000035346802 0.06834450383392912 0.700234981171117 -0.06903140052970516 0.7072726954159102
0.39175677238478285 -0.18503659707649284 0.14249999291951992 -0.6188279131323768 -0.2978568113043972 0.6549472284260477 -0.3152419100704137
0.25927445850087827 -0.1357867848443096 0.06950000019966768 0.4186514110231148 0.5351613425742296 -0.4520785852225283 0.5778912408452824
0.27409329362431617 -0.4706235449499101 0.0405000006186113 -0.42886514663548025 0.4977362277805259 0.49209398731109466 0.5711189378828271
0.1329773726381478 -0.2898862581736499 0.07249999651158506 0.01982926061140152 0.6516185945545127 -0.023064603010538007 0.7579366937563935
0.1381346009957722 -0.2684934277513751 0.1074999973954018 0.06834450383392912 0.700234981171117 -0.06903140052970516 0.7072726954159102
0.4646535943638248 -0.2673550916617959 0.09650000212779186 -0.7210605750651635 -0.071215511046397 0.6858654119241533 -0.06773946264333629
0.2816025577710272 -0.1334333505341566 0.10049999868541235 0.486642913993377 0.54299663231358 -0.4567391308004818 0.5096299617877328
0.3523051066710359 -0.14692086561268605 0.07449999847926563 -0.5414982942057375 -0.3895890122453516 0.6047328746439555 -0.43508407145611067
0.31563886349134335 -0.1554699779087655 0.10350000079440189 -0.5198605384355272 -0.46698860154825556 0.5321354963157496 -0.4780151463733331
0.44945491961019535 -0.20897575537289242 0.06449999760254066 -0.6796850493220719 -0.19068709189963817 0.6819544548634889 -0.19132377845619067
0.1877324592567211 -0.1632121138854546 0.06549999917345248 0.3203845969267161 0.6675979657018098 -0.29077584447951954 0.6059010434964879
0.4432299313252792 -0.395422943454692 0.07050000015212374 -0.652840623500824 0.19697492231095293 0.7002572043894378 0.2112814426028433
0.41479858988661655 -0.4047714399025515 0.09349999787293752 -0.6845736023039356 0.25760238055685514 0.6382190022747786 0.24015932564745587
0.293094852770447 -0.154745489475835 0.09050000316252063 0.4512024969643538 0.46341087994815766 -0.5320437478371383 0.5464394874697638
0.3187583619826306 -0.1234410346085183 0.04749999906586719 -0.4669886015482556 0.5198605384355272 -0.47801514637333303 -0.5321354963157496
0.27968573199969543 -0.1260829653451002 0.07050000121860975 0.54299663231358 -0.48664291399337695 0.5096299617877328 0.45673913080048184
0.4211402456109903 -0.4263144881271855 0.031499999613176004 0.253611283226268 0.5977859009637061 0.2970113510668588 -0.7000839885090754
0.13465542220250937 -0.2891712408549243 0.078500001220352 0.6516185945545127 -0.01982926061140148 0.7579366937563935 0.023064603010538053
0.4444670853322372 -0.39657203159899435 0.060500002238286305 0.1969749223109529 0.652840623500824 0.21128144260284334 -0.7002572043894378
0.25856602749540036 -0.13196249123087575 0.059500002285830245 0.5351613425742296 -0.41865141102311476 0.5778912408452824 0.45207858522252836
0.35069381430882274 -0.14774436338490285 0.13449999341287083 -0.38958901224535164 0.5414982942057375 -0.4350840714561106 -0.6047328746439555
0.418012210429617 -0.19071482588503913 0.1675000014234853 -0.27416724829968275 0.683007311379428 -0.2521971878889972 -0.6282753464707231
0.3489917440726167 -0.14985561950749196 0.1284999961546845 -0.38958901224535164 0.5414982942057375 -0.4350840714561106 -0.6047328746439555
0.41872503560236907 -0.42285005755658306 0.047500002235780374 0.253611283226268 0.5977859009637061 0.2970113510668588 -0.7000839885090754
0.4710381837560524 -0.30333792600600956 0.0695000028105823 0.006771183805255241 0.6939890612762152 0.0070241839420351745 -0.7199194362835203
0.4651188384186191 -0.26966122517047814 0.07850000290265224 -0.07121551104639705 0.7210605750651635 -0.06773946264333625 -0.6858654119241533
0.25739598831845945 -0.12924466844072988 0.05150000097452806 0.5351613425742296 -0.41865141102311476 0.5778912408452824 0.45207858522252836
0.4469201144879684 -0.39786440930933675 0.05050000059915857 0.1969749223109529 0.652840623500824 0.21128144260284334 -0.7002572043894378
0.4685010145794315 -0.2665902448600381 0.08250000355830334 -0.07121551104639705 0.7210605750651635 -0.06773946264333625 -0.6858654119241533
0.2958934994589083 -0.13720476639043155 0.0804999977981026 0.4634108799481577 -0.4512024969643538 0.5464394874697639 0.5320437478371384
0.1430392585980824 -0.2700512845495471 0.14949999310386736 0.700234981171117 -0.06834450383392908 0.7072726954159102 0.0690314005297052
0.1372874415409125 -0.303572168845293 0.11649999706695073 0.7336683728644166 0.008003320717062912 0.6794201457808979 -0.007411546602616823
0.2816633843110205 -0.13298750779123666 0.094500001427226 0.54299663231358 -0.48664291399337695 0.5096299617877328 0.45673913080048184
0.4728232236577858 -0.30435323152511357 0.07550000006876864 0.006771183805255241 0.6939890612762152 0.0070241839420351745 -0.7199194362835203
0.13632428872465405 -0.2675308127382525 0.0995000035346802 0.700234981171117 -0.06834450383392908 0.7072726954159102 0.0690314005297052
0.39175677238478285 -0.18503659707649284 0.14249999291951992 -0.29785681130439723 0.6188279131323768 -0.31524191007041363 -0.6549472284260477
0.25927445850087827 -0.1357867848443096 0.06950000019966768 0.5351613425742296 -0.41865141102311476 0.5778912408452824 0.45207858522252836
0.27409329362431617 -0.4706235449499101 0.0405000006186113 0.49773622778052595 0.42886514663548037 0.5711189378828272 -0.49209398731109466
0.1329773726381478 -0.2898862581736499 0.07249999651158506 0.6516185945545127 -0.01982926061140148 0.7579366937563935 0.023064603010538053
0.1381346009957722 -0.2684934277513751 0.1074999973954018 0.700234981171117 -0.06834450383392908 0.7072726954159102 0.0690314005297052
0.4646535943638248 -0.2673550916617959 0.09650000212779186 -0.07121551104639705 0.7210605750651635 -0.06773946264333625 -0.6858654119241533
0.2816025577710272 -0.1334333505341566 0.10049999868541235 0.54299663231358 -0.48664291399337695 0.5096299617877328 0.45673913080048184
0.3523051066710359 -0.14692086561268605 0.07449999847926563 -0.38958901224535164 0.5414982942057375 -0.4350840714561106 -0.6047328746439555
0.31563886349134335 -0.1554699779087655 0.10350000079440189 -0.4669886015482556 0.5198605384355272 -0.47801514637333303 -0.5321354963157496
0.44945491961019535 -0.20897575537289242 0.06449999760254066 -0.1906870918996382 0.6796850493220719 -0.1913237784561906 -0.6819544548634889
0.1877324592567211 -0.1632121138854546 0.06549999917345248 0.6675979657018098 -0.32038459692671606 0.6059010434964879 0.2907758444795196
0.4432299313252792 -0.395422943454692 0.07050000015212374 0.1969749223109529 0.652840623500824 0.21128144260284334 -0.7002572043894378
0.41479858988661655 -0.4047714399025515 0.09349999787293752 0.257602380556855 0.6845736023039355 0.24015932564745585 -0.6382190022747785
0.293094852770447 -0.154745489475835 0.09050000316252063 0.4634108799481577 -0.4512024969643538 0.5464394874697639 0.5320437478371384
