-0.2711667035663612 0.01347427260164435 0.06302333434827653 -0.7029732401097976 -0.13226976672058832 0.6867575060968929 -0.12921865314570588
-0.332029768363189 -0.013984536789695573 0.06302333434827653 -0.13226976672058832 0.7029732401097976 0.12921865314570588 0.6867575060968929
-0.2878688284846711 -0.03068666077087621 0.06302333434797244 -0.5906059918864218 0.4035482990852503 0.5769822735860837 0.3942395066716311
-0.31532764344487907 0.030176396582824987 0.06302333434797244 0.4035482990852503 0.5906059918864218 -0.3942395066716311 0.5769822735860837
-0.2658647328476731 -0.00852316373930859 0.0708766689908674 -0.6574667063192892 0.07791574439606441 0.7442362877471321 0.08819872367126809
-0.3373317390818771 0.008012899551257367 0.0708766689908674 0.07791574439606441 0.6574667063192892 -0.08819872367126809 0.7442362877471321
-0.3098662787976243 -0.03598864079623867 0.07087666899076653 -0.409804412318807 0.5199939199036149 0.4638886064118698 0.5886204445553719
-0.29333022293424826 0.035478376608187444 0.07087666899076653 -0.5199939199036149 -0.40980441231880693 0.588620444555372 -0.46388860641186974
-0.30992667299000426 -0.03420544306842862 0.08087666690460396 -0.40980441231880693 0.519993919903615 0.46388860641186974 0.588620444555372
-0.2658647328476731 -0.00852316373930859 0.08087666690470484 -0.6574667063192892 0.07791574439606441 0.7442362877471321 0.08819872367126809
-0.29154701216792217 0.035538776388502856 0.08087666690460396 -0.5199939199036149 -0.40980441231880693 0.588620444555372 -0.46388860641186974
-0.33560895231025334 0.009856497059382834 0.08087666690470484 0.07791574439606444 0.6574667063192892 -0.08819872367126813 0.7442362877471321
-0.33043586421831933 -0.019636379002909987 0.07310999893249467 -0.21601561812629988 0.7129777383724227 0.19342769941605437 0.6384244061824943
-0.2822169983798199 -0.029092756629574612 0.07310999893133929 -0.6568974996666519 0.3514052888662141 0.588208262929073 0.31466019339998563
-0.27276060771123084 0.019126114814858763 0.07310999893249467 -0.7129777383724227 -0.21601561812629988 0.6384244061824943 -0.19342769941605437
-0.3209794735497303 0.02858249244152339 0.07310999893133929 0.3514052888662141 0.6568974996666518 -0.31466019339998563 0.588208262929073
-0.27495553346214235 0.02577557067721657 0.09084333148592141 -0.6020287227397851 -0.24336820628218186 0.7050528758432967 -0.28501539507962265
-0.32584574659605325 0.026447975776740566 0.09084333148499733 0.2536112832262681 0.597785900963706 -0.2970113510668587 0.7000839885090753
-0.2756279385618732 -0.025114642456666322 0.09084333148499733 -0.5977859009637061 0.2536112832262681 0.7000839885090754 0.2970113510668587
-0.3265181516957841 -0.02444223735714233 0.09084333148592141 -0.24336820628218186 0.6020287227397851 0.28501539507962265 0.7050528758432967
-0.2786682655925051 -0.025302570731886923 0.07097000232574836 -0.6346544310011053 0.2867294086665586 0.6539884242613058 0.29546427931072045
-0.3266456783207838 -0.023185111787622698 0.07097000232557216 -0.2460201463770633 0.6515167596248855 0.2535148575129906 0.6713644438936768
-0.32452820633704504 0.0247923065438357 0.07097000232574836 0.2867294086665586 0.6346544310011053 -0.29546427931072045 0.6539884242613058
-0.2765507936087664 0.022674847599571474 0.07097000232557216 -0.6515167596248855 -0.2460201463770633 0.6713644438936768 -0.2535148575129906
-0.2721335004533877 0.016814415215630676 0.05088333238133712 -0.6434477023279396 -0.16625799792675403 0.7234569952561745 -0.18693129355244498
-0.3310629714761625 -0.0173246794036819 0.05088333238133712 -0.16625799792675403 0.6434477023279396 0.18693129355244498 0.7234569952561745
-0.2845286793323748 -0.029719863874802126 0.050883332380965526 -0.5725483925805358 0.3374240736423025 0.6437417353565198 0.379380957403314
-0.31866779259717537 0.029209599686750902 0.050883332380965526 0.3374240736423025 0.5725483925805358 -0.379380957403314 0.6437417353565198
-0.31183033134803734 0.03174339281455305 0.06516333093988906 0.4713853746366069 0.5995519081915537 -0.39976084792338357 0.5084531467403363
-0.3335967645973741 -0.010487216306330698 0.06516333094033964 -0.09062742485505368 0.7572670150791347 0.07685706497485882 0.6422042738107009
-0.2913661703838352 -0.03225365513995913 0.06516333093988906 -0.5995519081915538 0.47138537463660696 0.5084531467403364 0.3997608479233836
-0.2695997073321761 0.009976952118279474 0.06516333094033964 -0.7572670150791347 -0.09062742485505368 0.6422042738107009 -0.07685706497485882
-0.2675315935103476 -0.002313122290879129 0.08097666690523313 -0.6978077191035459 0.03738610125143167 0.7142843696606395 0.03826886268531662
-0.3037166315406035 -0.032538582407425645 0.08097666690521552 -0.46698860154825556 0.5198605384355272 0.4780151463733331 0.5321354963157496
-0.2977570536173229 0.03387191572749989 0.08097666690521552 -0.5198605384355272 -0.46698860154825556 0.5321354963157496 -0.4780151463733331
-0.3339420916475788 0.003646455610953366 0.08097666690523313 0.03738610125143163 0.6978077191035459 -0.03826886268531657 0.7142843696606395
-0.28097138611911 -0.028725420868343177 0.09110999815647891 -0.6568974996666519 0.3514052888662141 0.588208262929073 0.31466019339998563
-0.33012893010004846 -0.019098789810519545 0.09110999815763429 -0.21601561812629988 0.7129777383724227 0.19342769941605437 0.6384244061824943
-0.271344755057878 0.020432123130593782 0.09110999815763429 -0.7129777383724227 -0.21601561812629985 0.6384244061824943 -0.1934276994160543
-0.32050229903881644 0.030058754188417414 0.09110999815647891 0.35140528886621414 0.6568974996666519 -0.3146601933999857 0.588208262929073
-0.29623493096147596 0.035000308418251184 0.09486333214079483 -0.497736227780526 -0.42886514663548037 0.5711189378828272 -0.49209398731109477
-0.2664032008207137 -0.0038352449580008182 0.09486333214163889 -0.6552061155263992 0.04869920987754437 0.751805069055246 0.05587907727357716
-0.3350704843372127 0.005168578278075055 0.09486333214163889 0.048699209877544405 0.6552061155263992 -0.0558790772735772 0.751805069055246
-0.30523875419645047 -0.033666975098176934 0.09486333214079483 -0.42886514663548025 0.4977362277805259 0.49209398731109466 0.5711189378828271
-0.3326549519307998 -0.015101573876731646 0.06689666833843974 -0.13898207067687943 0.6549941364510142 0.154168850968655 0.7265663291373761
-0.2867517988331459 -0.0313118312936725 0.06689666833746027 -0.5614259608680933 0.364875629123744 0.6227738199179356 0.40474613643580737
-0.3164446730964043 0.030801567105621278 0.06689666833746027 0.364875629123744 0.5614259608680933 -0.40474613643580737 0.6227738199179356
-0.27054154980107276 0.014591309688680422 0.06689666833843974 -0.6549941364510142 -0.13898207067687943 0.7265663291373761 -0.154168850968655
-0.2711667035663612 0.01347427260164435 0.057023333364799894 -0.7029732401097976 -0.13226976672058832 0.6867575060968929 -0.12921865314570588
-0.332029768363189 -0.013984536789695573 0.057023333364799894 -0.13226976672058832 0.7029732401097976 0.12921865314570588 0.6867575060968929
-0.2878688284846711 -0.03068666077087621 0.05702333336449581 -0.5906059918864218 0.4035482990852503 0.5769822735860837 0.3942395066716311
-0.31532764344487907 0.030176396582824987 0.05702333336449581 0.4035482990852503 0.5906059918864218 -0.3942395066716311 0.5769822735860837
-0.27403651365873755 0.021033097313340226 0.0948433321415725 -0.6020287227397851 -0.24336820628218186 0.7050528758432967 -0.28501539507962265
-0.3274371714991889 -0.01969976399326599 0.0948433321415725 -0.24336820628218186 0.6020287227397851 0.28501539507962265 0.7050528758432967
-0.2803704119257495 -0.02603366226007113 0.09484333214064843 -0.5977859009637061 0.2536112832262681 0.7000839885090754 0.2970113510668587
-0.3211032732321769 0.027366995580145374 0.09484333214064843 0.2536112832262681 0.597785900963706 -0.2970113510668587 0.7000839885090753
-0.31821107868167353 -0.029285143426204845 0.08504333422653824 -0.35450111491492503 0.6292818333293618 0.33945826377878996 0.6025789748389849
-0.2707850324962667 -0.016807569448501206 0.0850433342268195 -0.6956395934461829 0.19429931138567041 0.6661209187313175 0.18605444163907855
-0.33068865266165975 0.018140902768575443 0.0850433342268195 0.19429931138567036 0.6956395934461829 -0.1860544416390785 0.6661209187313175
-0.2832626064762529 0.030618476746279082 0.08504333422653824 -0.6292818333293618 -0.354501114914925 0.6025789748389849 -0.3394582637787899
-0.26850381633333575 0.007700064932407873 0.07116333564910658 -0.7572670150791347 -0.09062742485505368 0.6422042738107009 -0.07685706497485882
-0.3095534339176174 0.032839281950748235 0.071163335648656 0.4713853746366069 0.5995519081915537 -0.39976084792338357 0.5084531467403363
-0.3346926555962144 -0.008210329120459096 0.07116333564910658 -0.09062742485505368 0.7572670150791347 0.07685706497485882 0.6422042738107009
-0.29364303801193276 -0.03334954613879946 0.071163335648656 -0.5995519081915538 0.47138537463660696 0.5084531467403364 0.3997608479233836
-0.2672940387851399 -0.003925895259692959 0.07086333565831293 -0.6552061155263992 0.04869920987754435 0.751805069055246 0.055879077273577146
-0.2979274683758762 0.03404905949763869 0.07086333565746887 -0.497736227780526 -0.42886514663548037 0.5711189378828272 -0.49209398731109477
-0.305269003553674 -0.034559323685689904 0.07086333565746887 -0.42886514663548025 0.4977362277805259 0.49209398731109466 0.5711189378828271
-0.33590243314441026 0.0034156313044723793 0.07086333565831293 0.04869920987754435 0.6552061155263992 -0.055879077273577146 0.751805069055246
-0.2595140045015739 0.006682263670013448 0.09104999815610981 -0.7210605750651635 -0.071215511046397 0.6858654119241533 -0.06773946264333629
-0.3067524395822427 0.04188950473877026 0.09104999815595317 0.4595098534549989 0.5602237913783628 -0.4370810521408639 0.5328791157578364
-0.3419596806563525 -0.005348930349939203 0.09104999815610981 -0.07121551104639696 0.7210605750651635 0.06773946264333625 0.6858654119241533
-0.29472124557568374 -0.040556171418696024 0.09104999815595317 -0.5602237913783629 0.45950985345499895 0.5328791157578364 0.43708105214086396
-0.2728176442114329 -0.01846345330377747 0.06104333401820325 -0.6956395934461829 0.19429931138567036 0.6661209187313175 0.1860544416390785
-0.3303788277181173 0.017953189115726246 0.06104333401820325 0.19429931138567036 0.6956395934461829 -0.1860544416390785 0.6661209187313175
-0.31980655716869894 -0.029035720125622926 0.06104333401792199 -0.35450111491492503 0.6292818333293618 0.33945826377878996 0.6025789748389849
-0.28338991476085124 0.028525455937571702 0.06104333401792199 -0.6292818333293618 -0.35450111491492503 0.6025789748389849 -0.33945826377878996
-0.3326034356337823 0.0186929238870522 0.0649299976152389 0.19697492231095293 0.652840623500824 -0.2112814426028433 0.7002572043894378
-0.28265017067737386 0.030750071304767382 0.0649299976142085 -0.6009103332453556 -0.322345731468724 0.6445551577981256 -0.34575807923847945
-0.3205463012521763 -0.031260335492818606 0.0649299976142085 -0.322345731468724 0.6009103332453556 0.34575807923847945 0.6445551577981256
-0.27059303629576786 -0.019203188075103423 0.0649299976152389 -0.652840623500824 0.19697492231095293 0.7002572043894378 0.2112814426028433
-0.3353846002141513 -0.001363343511210214 0.09494999880772474 -0.023436736668234502 0.6888038322216019 0.024639392003798003 0.7241497776377911
-0.30276685275500054 0.03531442429489812 0.0949499988077101 0.47048558429694753 0.5036301369757978 -0.4946285356424272 0.5294739009873172
-0.2987068324029259 -0.03398109097482387 0.0949499988077101 -0.5036301369757978 0.47048558429694753 0.5294739009873172 0.4946285356424272
-0.26608908494377514 0.0026966768312844513 0.09494999880772474 -0.6888038322216019 -0.023436736668234547 0.7241497776377911 -0.024639392003798048
-0.2856755629506944 0.031163190047133273 0.07491666964385794 -0.5820131439452964 -0.3458237008762764 0.6327149957465407 -0.375949999793327
-0.3330165711467512 0.015667536259223454 0.07491666964390543 0.16701115531289185 0.6560797252145908 -0.18156026802997746 0.7132338587281755
-0.27017993058512135 -0.016177801378597253 0.07491666964390543 -0.6560797252145908 0.16701115531289185 0.7132338587281755 0.18156026802997746
-0.31752090897885576 -0.031673454235184494 0.07491666964385794 -0.3458237008762764 0.5820131439452964 0.375949999793327 0.6327149957465407
-0.29834706114223924 -0.03286134712474036 0.06507666428478016 -0.5244410831875264 0.5131226800172349 0.4856633459144585 0.47518183882825077
-0.3342044565833333 -0.003506319027962665 0.06507666428478225 -0.008003320717062867 0.7336683728644166 0.007411546602616865 0.6794201457808979
-0.26899201534621686 0.002996055072742085 0.06507666428478225 -0.7336683728644166 -0.008003320717062867 0.6794201457808979 -0.007411546602616865
-0.3048494405896333 0.03235108293668914 0.06507666428478016 0.5131226800172349 0.5244410831875262 -0.4751818388282507 0.48566334591445837
-0.2676995221288155 -0.010468981470239978 0.09112999815825787 -0.7415585932007591 0.12284484462540286 0.6506776263623609 0.10778971913181522
-0.28960119443775073 0.03370398710663237 0.09112999815701016 -0.6112255344272093 -0.4374966839202823 0.5363174062156433 -0.38387971737649
-0.33377416302911095 0.011802314790314215 0.09112999815825787 0.1228448446254028 0.7415585932007591 -0.10778971913181516 0.6506776263623609
-0.3118724907201757 -0.03237065378655813 0.09112999815701016 -0.4374966839202823 0.6112255344272092 0.38387971737649 0.5363174062156432
-0.29117407604528883 -0.030610714895695626 0.060896667353983636 -0.5614259608680933 0.364875629123744 0.6227738199179356 0.40474613643580737
-0.2712426494352433 0.010169032476537478 0.0608966673549631 -0.6549941364510142 -0.13898207067687943 0.7265663291373761 -0.154168850968655
-0.3319538224943069 -0.010679296664588701 0.0608966673549631 -0.13898207067687943 0.6549941364510142 0.154168850968655 0.7265663291373761
-0.31202239588426134 0.030100450707644402 0.060896667353983636 0.364875629123744 0.5614259608680933 -0.40474613643580737 0.6227738199179356
-0.27482800683714265 0.024518445107696935 0.08097000023940959 -0.6515167596248855 -0.24602014637706324 0.6713644438936768 -0.2535148575129906
-0.2768850641394048 -0.02524216908892636 0.0809700002395858 -0.6346544310011053 0.2867294086665586 0.6539884242613058 0.29546427931072045
-0.32458862101852165 0.026575502409000598 0.0809700002395858 0.2867294086665586 0.6346544310011052 -0.29546427931072045 0.6539884242613057
-0.3266456783207838 -0.023185111787622698 0.08097000023940959 -0.2460201463770633 0.6515167596248855 0.2535148575129906 0.6713644438936768
-0.26843325530600054 -0.006493716742170672 0.09512999881390896 -0.7415585932007591 0.12284484462540286 0.6506776263623609 0.10778971913181522
-0.3078972259921064 -0.03163692060937307 0.09512999881266125 -0.4374966839202823 0.6112255344272092 0.38387971737649 0.5363174062156432
-0.3330404298519259 0.00782705006224491 0.09512999881390896 0.1228448446254028 0.7415585932007591 -0.10778971913181516 0.6506776263623609
-0.29357645916582004 0.03297025392944731 0.09512999881266125 -0.6112255344272093 -0.4374966839202823 0.5363174062156433 -0.38387971737649
-0.2895407872068547 0.03192079124146747 0.061130000690207555 -0.6112255344272092 -0.4374966839202823 0.5363174062156432 -0.38387971737649
-0.33377416302911095 0.011802314790314215 0.06113000069145527 0.1228448446254028 0.7415585932007591 -0.10778971913181516 0.6506776263623609
-0.31365568472269545 -0.03243105356687354 0.061130000690207555 -0.4374966839202823 0.6112255344272092 0.38387971737649 0.5363174062156432
-0.2694223089004392 -0.012312578978365438 0.06113000069145527 -0.7415585932007591 0.1228448446254028 0.6506776263623609 0.10778971913181516
-0.32972275200556933 0.021548446616943988 0.08505666756198668 0.22598105534501683 0.6908443360002718 -0.21351855373482517 0.6527453510002844
-0.3216186225354083 -0.02831924276692912 0.08505666756167667 -0.32870797821454195 0.648293451194448 0.31058024705890164 0.6125410813433917
-0.27985506262251814 0.02965257608700336 0.08505666756167667 -0.6482934511944481 -0.32870797821454195 0.6125410813433918 -0.31058024705890164
-0.2717509331523571 -0.02021511329686975 0.08505666756198668 -0.690844336000272 0.22598105534501683 0.6527453510002845 0.21351855373482517
-0.305269003553674 -0.034559323685689904 0.06486333094870193 -0.42886514663548025 0.4977362277805259 0.49209398731109466 0.5711189378828271
-0.2979274683758762 0.03404905949763869 0.06486333094870193 -0.497736227780526 -0.42886514663548037 0.5711189378828272 -0.49209398731109477
-0.33590243314441026 0.0034156313044723793 0.064863330949546 0.04869920987754435 0.6552061155263992 -0.055879077273577146 0.751805069055246
-0.2672940387851399 -0.003925895259692959 0.064863330949546 -0.6552061155263992 0.04869920987754435 0.751805069055246 0.055879077273577146
-0.32069293784115377 -0.0304986863293125 0.06704333500139863 -0.35450111491492503 0.6292818333293618 0.33945826377878996 0.6025789748389849
-0.2713546780077433 -0.01934983956416775 0.06704333500167989 -0.6956395934461829 0.19429931138567036 0.6661209187313175 0.1860544416390785
-0.33184179392180685 0.018839575376116528 0.06704333500167989 0.19429931138567036 0.6956395934461829 -0.1860544416390785 0.6661209187313175
-0.2825035340883964 0.029988422141261278 0.06704333500139863 -0.6292818333293618 -0.35450111491492503 0.6025789748389849 -0.33945826377878996
-0.3150097900843114 -0.033194299103960705 0.08514333422590677 -0.41274741438317775 0.6334873620195967 0.3572760164959619 0.548349507265422
-0.2668758768181788 -0.013606280852487744 0.08514333422618466 -0.7397997045907045 0.1560867167474497 0.6403739484152051 0.13510936360455605
-0.286463895073615 0.03452763242403494 0.08514333422590677 -0.6334873620195967 -0.41274741438317775 0.548349507265422 -0.3572760164959619
-0.3345978083397476 0.014939614172561982 0.08514333422618466 0.15608671674744973 0.7397997045907044 -0.13510936360455608 0.6403739484152051
-0.31802336502882433 -0.028975318482662365 0.09104333148472459 -0.35450111491492503 0.6292818333293618 0.33945826377878996 0.6025789748389849
-0.27109485743980916 -0.01661985579565201 0.09104333148500585 -0.6956395934461829 0.19429931138567041 0.6661209187313175 0.18605444163907855
-0.2834503201291021 0.030308651802736602 0.09104333148472459 -0.6292818333293618 -0.354501114914925 0.6025789748389849 -0.3394582637787899
-0.3303788277181173 0.017953189115726246 0.09104333148500585 0.19429931138567036 0.6956395934461829 -0.1860544416390785 0.6661209187313175
-0.276869018672587 -0.0208743576274058 0.07883000363895265 -0.6034821693331546 0.2254091232217698 0.7165035159936337 0.2676241955319125
-0.32632745325696316 0.020364093439354577 0.07883000363895265 0.2254091232217698 0.6034821693331546 -0.2676241955319125 0.7165035159936337
-0.3222174652314423 -0.02498434565346618 0.07883000363669869 -0.2673380118933679 0.5861146541459126 0.31740560691063585 0.6958833812457442
-0.2809790066981079 0.024474081465414955 0.07883000363669869 -0.5861146541459126 -0.2673380118933679 0.6958833812457442 -0.31740560691063585
-0.27813556319773963 0.027608512551054114 0.08483000089488503 -0.5861146541459126 -0.26733801189336787 0.6958833812457442 -0.3174056069106358
-0.3276786884774374 0.023267946033263983 0.08483000089713899 0.22540912322176984 0.6034821693331546 -0.2676241955319126 0.7165035159936337
-0.3233381219601868 -0.026275179230979873 0.08483000089488503 -0.2673380118933679 0.5861146541459126 0.31740560691063585 0.6958833812457442
-0.273794996680489 -0.021934612713189746 0.08483000089713899 -0.6034821693331546 0.2254091232217698 0.7165035159936337 0.2676241955319126
-0.32972275200556933 0.021548446616943988 0.09105666482017302 0.22598105534501683 0.6908443360002718 -0.21351855373482517 0.6527453510002844
-0.27985506262251814 0.02965257608700336 0.091056664819863 -0.6482934511944481 -0.32870797821454195 0.6125410813433918 -0.31058024705890164
-0.2717509331523571 -0.02021511329686975 0.09105666482017302 -0.690844336000272 0.22598105534501683 0.6527453510002845 0.21351855373482517
-0.3216186225354083 -0.02831924276692912 0.091056664819863 -0.32870797821454195 0.648293451194448 0.31058024705890164 0.6125410813433917
-0.30291389895984205 0.032306021825238944 0.05307666604311718 0.5131226800172349 0.5244410831875262 -0.4751818388282507 0.48566334591445837
-0.26903707645766706 0.0010605316037410302 0.053076666043119274 -0.7336683728644166 -0.008003320717062867 0.6794201457808979 -0.007411546602616865
-0.3002825729697081 -0.03281628601329017 0.05307666604311718 -0.5244410831875264 0.5131226800172349 0.4856633459144585 0.47518183882825077
-0.3341593954718831 -0.0015707955589616103 0.053076666043119274 -0.008003320717062867 0.7336683728644166 0.007411546602616865 0.6794201457808979
-0.28307819659434613 -0.0280586602871089 0.09088333148689585 -0.5725483925805358 0.3374240736423025 0.6437417353565198 0.379380957403314
-0.3294621695314298 -0.016991979315061714 0.09088333148726745 -0.16625799792675403 0.6434477023279396 0.18693129355244498 0.7234569952561745
-0.3183954885635803 0.029391993607183135 0.09088333148689585 0.3374240736423026 0.5725483925805358 -0.3793809574033141 0.6437417353565198
-0.2720115156264966 0.01832531263513595 0.09088333148726745 -0.6434477023279396 -0.166257997926754 0.7234569952561745 -0.18693129355244495
-0.3344738582445772 0.012602276049956826 0.07489000298274356 0.1074160774360228 0.6583781493670048 -0.11995981138993658 0.735261614934186
-0.28874083245892407 0.03262049204218745 0.0748900029824123 -0.5414982942057375 -0.3895890122453516 0.6047328746439555 -0.43508407145611067
-0.3144556394706261 -0.03313075623023867 0.0748900029824123 -0.3895890122453516 0.5414982942057375 0.43508407145611067 0.6047328746439555
-0.26872261368497297 -0.01311254023800805 0.07489000298274356 -0.6583781493670048 0.1074160774360228 0.735261614934186 0.11995981138993658
-0.33954132655648467 0.0028420623461563404 0.09096333148445834 0.006771183805255325 0.6939890612762152 -0.0070241839420351745 0.7199194362835203
-0.3029122382704774 -0.0381378173173795 0.09096333148447137 -0.4859364200434157 0.49551232253403404 0.5040930657473742 0.5140267648262394
-0.26193235860144176 -0.0015087290260820945 0.09096333148445834 -0.6939890612762152 0.0067711838052552835 0.7199194362835203 0.00702418394203513
-0.298561446887449 0.03947115063745374 0.09096333148447137 -0.4955123225340341 -0.4859364200434158 0.5140267648262394 -0.5040930657473742
-0.28320221973445353 0.028835280881114183 0.05504333303444535 -0.6292818333293618 -0.35450111491492503 0.6025789748389849 -0.33945826377878996
-0.2725078192678904 -0.018651166956626667 0.05504333303472661 -0.6956395934461829 0.19429931138567036 0.6661209187313175 0.1860544416390785
-0.33068865266165975 0.018140902768575443 0.05504333303472661 0.19429931138567036 0.6956395934461829 -0.1860544416390785 0.6661209187313175
-0.31999428199741903 -0.029345545069165407 0.05504333303444535 -0.35450111491492503 0.6292818333293618 0.33945826377878996 0.6025789748389849
-0.30537152354268765 -0.03624504734806631 0.0808633335713063 -0.42886514663548025 0.4977362277805259 0.49209398731109466 0.5711189378828271
-0.26382512857082435 -0.003968014304238001 0.08086333357215036 -0.6552061155263992 0.04869920987754437 0.751805069055246 0.05587907727357716
-0.3376485565871021 0.005301347624312238 0.08086333357215036 0.048699209877544405 0.6552061155263992 -0.0558790772735772 0.751805069055246
-0.2961021616152388 0.03757838066814056 0.0808633335713063 -0.497736227780526 -0.42886514663548037 0.5711189378828272 -0.49209398731109477
-0.33483479493577106 -0.004668566336847417 0.09106333148909439 -0.039848090908952444 0.7280651056534003 0.03739946039485972 0.6833261387821985
-0.3060720755903415 0.0347646190152505 0.09106333148914372 0.486642913993377 0.54299663231358 -0.4567391308004818 0.5096299617877328
-0.26663889022215537 0.006001899656921654 0.09106333148909439 -0.7280651056534003 -0.039848090908952395 0.6833261387821985 -0.03739946039485968
-0.29540160956758493 -0.033431285695176255 0.09106333148914372 -0.54299663231358 0.486642913993377 0.5096299617877328 0.4567391308004818
-0.28387821076845665 0.03314377393011377 0.09091666481588172 -0.5820131439452964 -0.34582370087627634 0.6327149957465407 -0.37594999979332694
-0.33321394985134106 0.017525298466324946 0.09091666481592921 0.1670111553128919 0.6560797252145908 -0.18156026802997752 0.7132338587281755
-0.26825973530658537 -0.016191965146250705 0.09091666481592921 -0.6560797252145908 0.16701115531289187 0.7132338587281755 0.1815602680299775
-0.3175954743894698 -0.031810440610039535 0.09091666481588172 -0.3458237008762764 0.5820131439452964 0.375949999793327 0.6327149957465407
-0.2680057331513154 -0.013107300568750561 0.09514333214002209 -0.7397997045907045 0.1560867167474497 0.6403739484152051 0.13510936360455605
-0.33346795200661106 0.0144406338888248 0.09514333214002209 0.15608671674744973 0.7397997045907044 -0.13510936360455608 0.6403739484152051
-0.2869628753573522 0.03339777609089838 0.0951433321397442 -0.6334873620195967 -0.41274741438317775 0.548349507265422 -0.3572760164959619
-0.3145108098005742 -0.032064442770824146 0.0951433321397442 -0.41274741438317775 0.6334873620195967 0.3572760164959619 0.548349507265422
-0.3142210368123946 -0.03298812413152101 0.09501666547662227 -0.4029093186294865 0.5882154497453358 0.3962492008375652 0.5784922095223118
-0.33439163337101047 0.014150860892200818 0.09501666547673711 0.13103122145948323 0.7008310448445031 -0.12886526676848187 0.6892462612199548
-0.26708205178691596 -0.012817527572126574 0.09501666547673711 -0.7008310448445031 0.13103122145948318 0.6892462612199548 0.1288652667684818
-0.2872526483455318 0.03432145745159525 0.09501666547662227 -0.5882154497453357 -0.4029093186294866 0.5784922095223117 -0.3962492008375653
-0.26903564594619245 0.0029951027954095407 0.05907666702659591 -0.7336683728644166 -0.008003320717062867 0.6794201457808979 -0.007411546602616865
-0.29834801481655565 -0.03281771652476478 0.05907666702659382 -0.5244410831875264 0.5131226800172349 0.4856633459144585 0.47518183882825077
-0.3048484869153169 0.03230745233671355 0.05907666702659382 0.5131226800172349 0.5244410831875262 -0.4751818388282507 0.48566334591445837
-0.3341608259833577 -0.0035053667506301208 0.05907666702659591 -0.008003320717062867 0.7336683728644166 0.007411546602616865 0.6794201457808979
-0.26825454359061623 0.008406903319177194 0.08292333017444786 -0.6744474660238389 -0.0823849641684572 0.728298648207076 -0.08896298259799136
-0.29299660592283056 -0.03181563232902252 0.08292333017402882 -0.5351613425742296 0.4186514110231148 0.5778912408452824 0.4520785852225283
-0.3332191415673102 -0.007073569999102957 0.08292333017444786 -0.08238496416845723 0.6744474660238389 0.08896298259799139 0.728298648207076
-0.3084770792350959 0.033148965649096765 0.08292333017402882 0.4186514110231148 0.5351613425742296 -0.4520785852225283 0.5778912408452824
-0.2637384257603327 -0.0005269690707934955 0.09108999815626961 -0.7378426083671986 0.02425463429303667 0.6741727219818747 0.02216165446778804
-0.30193047830751796 -0.03633175015876389 0.09108999815604138 -0.5045828960372719 0.5388841275444328 0.46104144784090173 0.49238275912147905
-0.29954320685040847 0.03766508347883813 0.09108999815604138 -0.5388841275444328 -0.5045828960372719 0.49238275912147905 -0.46104144784090173
-0.33773525939759375 0.0018603023908677326 0.09108999815626961 0.024254634293036714 0.7378426083671986 -0.022161654467788082 0.6741727219818747
-0.2658647328476731 -0.00852316373930859 0.06487666428210047 -0.6574667063192892 0.07791574439606441 0.7442362877471321 0.08819872367126809
-0.29333022293424826 0.035478376608187444 0.06487666428199959 -0.5199939199036149 -0.40980441231880693 0.588620444555372 -0.46388860641186974
-0.3373317390818771 0.008012899551257367 0.06487666428210047 0.07791574439606441 0.6574667063192892 -0.08819872367126809 0.7442362877471321
-0.3098662787976243 -0.03598864079623867 0.06487666428199959 -0.409804412318807 0.5199939199036149 0.4638886064118698 0.5886204445553719
-0.27071982263743316 -0.014613284579240524 0.0509033323836253 -0.6579212152289095 0.13713622133310813 0.7249151775821929 0.1511003529485271
-0.332476649292117 0.0141030203911893 0.0509033323836253 0.13713622133310813 0.6579212152289095 -0.1511003529485271 0.7249151775821929
-0.3159563800673691 -0.031133541696432007 0.05090333238402135 -0.3682506014442031 0.562190504530109 0.4057483533635791 0.6194365220867336
-0.2872400918621811 0.030623277508380783 0.05090333238402135 -0.562190504530109 -0.3682506014442031 0.6194365220867336 -0.4057483533635791
-0.3368335361154152 -0.007422140316561958 0.07505000298408604 -0.071215511046397 0.7210605750651635 0.06773946264333629 0.6858654119241533
-0.30876525535648547 0.034980173645893814 0.0750500029839294 0.4595098534549989 0.5602237913783628 -0.4370810521408639 0.5328791157578364
-0.2944312463753871 -0.03549043783394504 0.0750500029839294 -0.5602237913783628 0.4595098534549989 0.5328791157578364 0.4370810521408639
-0.26636293581413495 0.006911876128510734 0.07505000298408604 -0.7210605750651635 -0.071215511046397 0.6858654119241533 -0.06773946264333629
-0.31712063987989725 0.027350213147350803 0.0808433335711599 0.2536112832262681 0.597785900963706 -0.2970113510668587 0.7000839885090753
-0.3274203890663943 -0.015717130640986326 0.08084333357208398 -0.24336820628218186 0.6020287227397851 0.28501539507962265 0.7050528758432967
-0.2740532960915321 0.017050463961060563 0.08084333357208398 -0.6020287227397851 -0.24336820628218186 0.7050528758432967 -0.28501539507962265
-0.2843530452780292 -0.02601687982727656 0.0808433335711599 -0.5977859009637061 0.2536112832262681 0.7000839885090754 0.2970113510668587
-0.3046874298898868 0.034477473639045055 0.08506333423095738 0.486642913993377 0.54299663231358 -0.4567391308004818 0.5096299617877328
-0.29678625526803964 -0.03314414031897081 0.08506333423095738 -0.54299663231358 0.486642913993377 0.5096299617877328 0.4567391308004818
-0.2669260355983608 0.004617253956466942 0.08506333423090805 -0.7280651056534003 -0.039848090908952395 0.6833261387821985 -0.03739946039485968
-0.3345476495595656 -0.003283920636392705 0.08506333423090805 -0.039848090908952444 0.7280651056534003 0.03739946039485972 0.6833261387821985
-0.33436764067278374 0.009745571532919531 0.0950033321415143 0.09958155160655938 0.7012490152458153 -0.09925016448656913 0.6989154012080386
-0.2671060444851427 -0.008412238212845294 0.0950033321415143 -0.7012490152458153 0.09958155160655933 0.6989154012080386 0.09925016448656909
-0.29165793772257453 0.03429746475863857 0.0950033321414901 -0.5662727207473002 -0.42544314840992226 0.5643882803738948 -0.42402736018457715
-0.3098157474353519 -0.032964131438564324 0.0950033321414901 -0.42544314840992226 0.5662727207473002 0.42402736018457715 0.5643882803738948
-0.33377416302911095 0.011802314790314215 0.05512999970797863 0.1228448446254028 0.7415585932007591 -0.10778971913181516 0.6506776263623609
-0.2694223089004392 -0.012312578978365438 0.05512999970797863 -0.7415585932007591 0.1228448446254028 0.6506776263623609 0.10778971913181516
-0.31365568472269545 -0.03243105356687354 0.055129999706730916 -0.4374966839202823 0.6112255344272092 0.38387971737649 0.5363174062156432
-0.2895407872068547 0.03192079124146747 0.055129999706730916 -0.6112255344272092 -0.4374966839202823 0.5363174062156432 -0.38387971737649
-0.3023205575730729 0.03400506550989079 0.0908366648260984 0.4512024969643538 0.46341087994815766 -0.5320437478371383 0.5464394874697638
-0.3340752414283802 -0.0009170483510422081 0.09083666482619741 -0.00863263581293969 0.646729320944723 0.010179331847705163 0.762602808959181
-0.2991531275848535 -0.032671732189816546 0.0908366648260984 -0.46341087994815766 0.4512024969643538 0.5464394874697638 0.5320437478371383
-0.26739844372954624 0.002250381671116445 0.09083666482619741 -0.646729320944723 -0.008632635812939651 0.762602808959181 -0.010179331847705118
-0.2916036142732131 -0.0318787881027012 0.09103666481764366 -0.5761000273080333 0.4317894061107921 0.5553498046828976 0.4162370259177342
-0.30987007088471336 0.033212121422775444 0.09103666481764366 0.43178940611079203 0.5761000273080332 -0.41623702591773415 0.5553498046828975
-0.3332822973411316 -0.008466561647668886 0.09103666481759534 -0.1020430198901287 0.7126854528902407 0.09836758960856967 0.6870156363904213
-0.26819138781679486 0.009799894967743123 0.09103666481759534 -0.7126854528902407 -0.10204301989012875 0.6870156363904213 -0.09836758960856971
-0.2796956412737179 0.005944137436003855 0.20516999821307733 -0.6748817912544413 -0.3599091113622096 0.5684258588660765 -0.3031370026308644
-0.2689407233921805 -0.010762319393079737 0.20516999821307733 -0.3599091113622095 0.6748817912544413 0.3031370026308643 0.5684258588660765
-0.2711667035663612 0.01347427260164435 0.06302333434827653 -0.13226976672058838 0.7029732401097976 -0.12921865314570583 -0.6867575060968929
-0.332029768363189 -0.013984536789695573 0.06302333434827653 0.7029732401097976 0.13226976672058838 0.6867575060968929 -0.12921865314570583
-0.2878688284846711 -0.03068666077087621 0.06302333434797244 0.40354829908525025 0.5906059918864218 0.39423950667163116 -0.5769822735860837
-0.31532764344487907 0.030176396582824987 0.06302333434797244 0.5906059918864218 -0.40354829908525025 0.5769822735860837 0.39423950667163116
-0.2658647328476731 -0.00852316373930859 0.0708766689908674 0.07791574439606437 0.6574667063192892 0.08819872367126813 -0.7442362877471321
-0.3373317390818771 0.008012899551257367 0.0708766689908674 0.6574667063192892 -0.07791574439606437 0.7442362877471321 0.08819872367126813
-0.3098662787976243 -0.03598864079623867 0.07087666899076653 0.5199939199036149 0.40980441231880704 0.5886204445553719 -0.46388860641186974
-0.29333022293424826 0.035478376608187444 0.07087666899076653 -0.409804412318807 0.5199939199036149 -0.4638886064118697 -0.588620444555372
-0.30992667299000426 -0.03420544306842862 0.08087666690460396 0.519993919903615 0.409804412318807 0.588620444555372 -0.4638886064118697
-0.2658647328476731 -0.00852316373930859 0.08087666690470484 0.07791574439606437 0.6574667063192892 0.08819872367126813 -0.7442362877471321
-0.29154701216792217 0.035538776388502856 0.08087666690460396 -0.409804412318807 0.5199939199036149 -0.4638886064118697 -0.588620444555372
-0.33560895231025334 0.009856497059382834 0.08087666690470484 0.6574667063192892 -0.0779157443960644 0.7442362877471321 0.08819872367126817
-0.33043586421831933 -0.019636379002909987 0.07310999893249467 0.7129777383724227 0.21601561812629994 0.6384244061824943 -0.19342769941605434
-0.2822169983798199 -0.029092756629574612 0.07310999893133929 0.351405288866214 0.6568974996666519 0.3146601933999857 -0.588208262929073
-0.27276060771123084 0.019126114814858763 0.07310999893249467 -0.21601561812629988 0.7129777383724226 -0.19342769941605428 -0.6384244061824942
-0.3209794735497303 0.02858249244152339 0.07310999893133929 0.6568974996666518 -0.351405288866214 0.588208262929073 0.3146601933999857
-0.27495553346214235 0.02577557067721657 0.09084333148592141 -0.2433682062821819 0.6020287227397851 -0.2850153950796226 -0.7050528758432967
-0.32584574659605325 0.026447975776740566 0.09084333148499733 0.5977859009637061 -0.2536112832262681 0.7000839885090754 0.29701135106685883
-0.2756279385618732 -0.025114642456666322 0.09084333148499733 0.253611283226268 0.5977859009637061 0.2970113510668588 -0.7000839885090754
-0.3265181516957841 -0.02444223735714233 0.09084333148592141 0.6020287227397851 0.2433682062821819 0.7050528758432967 -0.2850153950796226
-0.2786682655925051 -0.025302570731886923 0.07097000232574836 0.28672940866655855 0.6346544310011053 0.2954642793107205 -0.6539884242613058
-0.3266456783207838 -0.023185111787622698 0.07097000232557216 0.6515167596248854 0.24602014637706326 0.6713644438936767 -0.25351485751299047
-0.32452820633704504 0.0247923065438357 0.07097000232574836 0.6346544310011053 -0.28672940866655855 0.6539884242613058 0.2954642793107205
-0.2765507936087664 0.022674847599571474 0.07097000232557216 -0.24602014637706332 0.6515167596248855 -0.2535148575129905 -0.6713644438936768
-0.2721335004533877 0.016814415215630676 0.05088333238133712 -0.16625799792675405 0.6434477023279396 -0.18693129355244492 -0.7234569952561745
-0.3310629714761625 -0.0173246794036819 0.05088333238133712 0.6434477023279396 0.16625799792675405 0.7234569952561745 -0.18693129355244492
-0.2845286793323748 -0.029719863874802126 0.050883332380965526 0.3374240736423024 0.5725483925805358 0.37938095740331407 -0.6437417353565198
-0.31866779259717537 0.029209599686750902 0.050883332380965526 0.5725483925805358 -0.3374240736423024 0.6437417353565198 0.37938095740331407
-0.31183033134803734 0.03174339281455305 0.06516333093988906 0.5995519081915537 -0.47138537463660685 0.5084531467403363 0.3997608479233836
-0.3335967645973741 -0.010487216306330698 0.06516333094033964 0.7572670150791347 0.09062742485505372 0.6422042738107009 -0.07685706497485878
-0.2913661703838352 -0.03225365513995913 0.06516333093988906 0.4713853746366069 0.5995519081915538 0.3997608479233837 -0.5084531467403364
-0.2695997073321761 0.009976952118279474 0.06516333094033964 -0.09062742485505372 0.7572670150791347 -0.07685706497485878 -0.6422042738107009
-0.2675315935103476 -0.002313122290879129 0.08097666690523313 0.03738610125143163 0.6978077191035459 0.03826886268531666 -0.7142843696606395
-0.3037166315406035 -0.032538582407425645 0.08097666690521552 0.5198605384355273 0.46698860154825567 0.5321354963157497 -0.4780151463733331
-0.2977570536173229 0.03387191572749989 0.08097666690521552 -0.4669886015482556 0.5198605384355272 -0.47801514637333303 -0.5321354963157496
-0.3339420916475788 0.003646455610953366 0.08097666690523313 0.6978077191035459 -0.03738610125143159 0.7142843696606395 0.03826886268531661
-0.28097138611911 -0.028725420868343177 0.09110999815647891 0.351405288866214 0.6568974996666519 0.3146601933999857 -0.588208262929073
-0.33012893010004846 -0.019098789810519545 0.09110999815763429 0.7129777383724227 0.21601561812629994 0.6384244061824943 -0.19342769941605434
-0.271344755057878 0.020432123130593782 0.09110999815763429 -0.2160156181262999 0.7129777383724227 -0.19342769941605428 -0.6384244061824943
-0.32050229903881644 0.030058754188417414 0.09110999815647891 0.6568974996666519 -0.3514052888662141 0.588208262929073 0.31466019339998574
-0.29623493096147596 0.035000308418251184 0.09486333214079483 -0.4288651466354804 0.497736227780526 -0.4920939873110947 -0.5711189378828272
-0.2664032008207137 -0.0038352449580008182 0.09486333214163889 0.04869920987754433 0.6552061155263992 0.05587907727357721 -0.751805069055246
-0.3350704843372127 0.005168578278075055 0.09486333214163889 0.6552061155263992 -0.048699209877544364 0.751805069055246 0.05587907727357725
-0.30523875419645047 -0.033666975098176934 0.09486333214079483 0.49773622778052595 0.42886514663548037 0.5711189378828272 -0.49209398731109466
-0.3326549519307998 -0.015101573876731646 0.06689666833843974 0.6549941364510142 0.13898207067687945 0.7265663291373761 -0.15416885096865496
-0.2867517988331459 -0.0313118312936725 0.06689666833746027 0.36487562912374394 0.5614259608680933 0.4047461364358074 -0.6227738199179356
-0.3164446730964043 0.030801567105621278 0.06689666833746027 0.5614259608680933 -0.36487562912374394 0.6227738199179356 0.4047461364358074
-0.27054154980107276 0.014591309688680422 0.06689666833843974 -0.13898207067687945 0.6549941364510142 -0.15416885096865496 -0.7265663291373761
-0.2711667035663612 0.01347427260164435 0.057023333364799894 -0.13226976672058838 0.7029732401097976 -0.12921865314570583 -0.6867575060968929
-0.332029768363189 -0.013984536789695573 0.057023333364799894 0.7029732401097976 0.13226976672058838 0.6867575060968929 -0.12921865314570583
-0.2878688284846711 -0.03068666077087621 0.05702333336449581 0.40354829908525025 0.5906059918864218 0.39423950667163116 -0.5769822735860837
-0.31532764344487907 0.030176396582824987 0.05702333336449581 0.5906059918864218 -0.40354829908525025 0.5769822735860837 0.39423950667163116
-0.27403651365873755 0.021033097313340226 0.0948433321415725 -0.2433682062821819 0.6020287227397851 -0.2850153950796226 -0.7050528758432967
-0.3274371714991889 -0.01969976399326599 0.0948433321415725 0.6020287227397851 0.2433682062821819 0.7050528758432967 -0.2850153950796226
-0.2803704119257495 -0.02603366226007113 0.09484333214064843 0.253611283226268 0.5977859009637061 0.2970113510668588 -0.7000839885090754
-0.3211032732321769 0.027366995580145374 0.09484333214064843 0.5977859009637061 -0.2536112832262681 0.7000839885090754 0.29701135106685883
-0.31821107868167353 -0.029285143426204845 0.08504333422653824 0.6292818333293618 0.3545011149149251 0.6025789748389849 -0.3394582637787899
-0.2707850324962667 -0.016807569448501206 0.0850433342268195 0.19429931138567036 0.6956395934461829 0.18605444163907858 -0.6661209187313175
-0.33068865266165975 0.018140902768575443 0.0850433342268195 0.6956395934461829 -0.1942993113856703 0.6661209187313175 0.18605444163907853
-0.2832626064762529 0.030618476746279082 0.08504333422653824 -0.35450111491492503 0.6292818333293618 -0.33945826377878985 -0.6025789748389849
-0.26850381633333575 0.007700064932407873 0.07116333564910658 -0.09062742485505372 0.7572670150791347 -0.07685706497485878 -0.6422042738107009
-0.3095534339176174 0.032839281950748235 0.071163335648656 0.5995519081915537 -0.47138537463660685 0.5084531467403363 0.3997608479233836
-0.3346926555962144 -0.008210329120459096 0.07116333564910658 0.7572670150791347 0.09062742485505372 0.6422042738107009 -0.07685706497485878
-0.29364303801193276 -0.03334954613879946 0.071163335648656 0.4713853746366069 0.5995519081915538 0.3997608479233837 -0.5084531467403364
-0.2672940387851399 -0.003925895259692959 0.07086333565831293 0.04869920987754431 0.6552061155263992 0.055879077273577195 -0.751805069055246
-0.2979274683758762 0.03404905949763869 0.07086333565746887 -0.4288651466354804 0.497736227780526 -0.4920939873110947 -0.5711189378828272
-0.305269003553674 -0.034559323685689904 0.07086333565746887 0.49773622778052595 0.42886514663548037 0.5711189378828272 -0.49209398731109466
-0.33590243314441026 0.0034156313044723793 0.07086333565831293 0.6552061155263992 -0.04869920987754431 0.751805069055246 0.055879077273577195
-0.2595140045015739 0.006682263670013448 0.09104999815610981 -0.07121551104639705 0.7210605750651635 -0.06773946264333625 -0.6858654119241533
-0.3067524395822427 0.04188950473877026 0.09104999815595317 0.5602237913783628 -0.45950985345499884 0.5328791157578364 0.43708105214086396
-0.3419596806563525 -0.005348930349939203 0.09104999815610981 0.7210605750651635 0.071215511046397 0.6858654119241533 -0.0677394626433362
-0.29472124557568374 -0.040556171418696024 0.09104999815595317 0.4595098534549989 0.5602237913783629 0.437081052140864 -0.5328791157578364
-0.2728176442114329 -0.01846345330377747 0.06104333401820325 0.1942993113856703 0.6956395934461829 0.18605444163907853 -0.6661209187313175
-0.3303788277181173 0.017953189115726246 0.06104333401820325 0.6956395934461829 -0.1942993113856703 0.6661209187313175 0.18605444163907853
-0.31980655716869894 -0.029035720125622926 0.06104333401792199 0.6292818333293618 0.3545011149149251 0.6025789748389849 -0.3394582637787899
-0.28338991476085124 0.028525455937571702 0.06104333401792199 -0.3545011149149251 0.6292818333293618 -0.3394582637787899 -0.6025789748389849
-0.3326034356337823 0.0186929238870522 0.0649299976152389 0.652840623500824 -0.1969749223109529 0.7002572043894378 0.21128144260284334
-0.28265017067737386 0.030750071304767382 0.0649299976142085 -0.32234573146872403 0.6009103332453556 -0.3457580792384794 -0.6445551577981256
-0.3205463012521763 -0.031260335492818606 0.0649299976142085 0.6009103332453556 0.32234573146872403 0.6445551577981256 -0.3457580792384794
-0.27059303629576786 -0.019203188075103423 0.0649299976152389 0.1969749223109529 0.652840623500824 0.21128144260284334 -0.7002572043894378
-0.3353846002141513 -0.001363343511210214 0.09494999880772474 0.6888038322216019 0.023436736668234544 0.7241497776377911 -0.024639392003797958
-0.30276685275500054 0.03531442429489812 0.0949499988077101 0.5036301369757978 -0.4704855842969475 0.5294739009873172 0.49462853564242726
-0.2987068324029259 -0.03398109097482387 0.0949499988077101 0.4704855842969475 0.5036301369757978 0.49462853564242726 -0.5294739009873172
-0.26608908494377514 0.0026966768312844513 0.09494999880772474 -0.02343673666823459 0.6888038322216019 -0.024639392003798003 -0.7241497776377911
-0.2856755629506944 0.031163190047133273 0.07491666964385794 -0.34582370087627645 0.5820131439452964 -0.37594999979332694 -0.6327149957465407
-0.3330165711467512 0.015667536259223454 0.07491666964390543 0.6560797252145908 -0.16701115531289182 0.7132338587281755 0.18156026802997752
-0.27017993058512135 -0.016177801378597253 0.07491666964390543 0.16701115531289182 0.6560797252145908 0.18156026802997752 -0.7132338587281755
-0.31752090897885576 -0.031673454235184494 0.07491666964385794 0.5820131439452964 0.34582370087627645 0.6327149957465407 -0.37594999979332694
-0.29834706114223924 -0.03286134712474036 0.06507666428478016 0.5131226800172349 0.5244410831875264 0.4751818388282508 -0.4856633459144584
-0.3342044565833333 -0.003506319027962665 0.06507666428478225 0.7336683728644166 0.008003320717062912 0.6794201457808979 -0.007411546602616823
-0.26899201534621686 0.002996055072742085 0.06507666428478225 -0.008003320717062912 0.7336683728644166 -0.007411546602616823 -0.6794201457808979
-0.3048494405896333 0.03235108293668914 0.06507666428478016 0.5244410831875262 -0.5131226800172349 0.4856633459144583 0.47518183882825077
-0.2676995221288155 -0.010468981470239978 0.09112999815825787 0.12284484462540282 0.7415585932007591 0.10778971913181526 -0.6506776263623609
-0.28960119443775073 0.03370398710663237 0.09112999815701016 -0.43749668392028235 0.6112255344272093 -0.38387971737648996 -0.5363174062156433
-0.33377416302911095 0.011802314790314215 0.09112999815825787 0.7415585932007591 -0.12284484462540275 0.6506776263623609 0.1077897191318152
-0.3118724907201757 -0.03237065378655813 0.09112999815701016 0.6112255344272092 0.43749668392028235 0.5363174062156432 -0.38387971737648996
-0.29117407604528883 -0.030610714895695626 0.060896667353983636 0.36487562912374394 0.5614259608680933 0.4047461364358074 -0.6227738199179356
-0.2712426494352433 0.010169032476537478 0.0608966673549631 -0.13898207067687945 0.6549941364510142 -0.15416885096865496 -0.7265663291373761
-0.3319538224943069 -0.010679296664588701 0.0608966673549631 0.6549941364510142 0.13898207067687945 0.7265663291373761 -0.15416885096865496
-0.31202239588426134 0.030100450707644402 0.060896667353983636 0.5614259608680933 -0.36487562912374394 0.6227738199179356 0.4047461364358074
-0.27482800683714265 0.024518445107696935 0.08097000023940959 -0.24602014637706326 0.6515167596248855 -0.2535148575129905 -0.6713644438936768
-0.2768850641394048 -0.02524216908892636 0.0809700002395858 0.28672940866655855 0.6346544310011053 0.2954642793107205 -0.6539884242613058
-0.32458862101852165 0.026575502409000598 0.0809700002395858 0.6346544310011053 -0.2867294086665586 0.6539884242613058 0.29546427931072056
-0.3266456783207838 -0.023185111787622698 0.08097000023940959 0.6515167596248854 0.24602014637706326 0.6713644438936767 -0.25351485751299047
-0.26843325530600054 -0.006493716742170672 0.09512999881390896 0.12284484462540282 0.7415585932007591 0.10778971913181526 -0.6506776263623609
-0.3078972259921064 -0.03163692060937307 0.09512999881266125 0.6112255344272092 0.43749668392028235 0.5363174062156432 -0.38387971737648996
-0.3330404298519259 0.00782705006224491 0.09512999881390896 0.7415585932007591 -0.12284484462540275 0.6506776263623609 0.1077897191318152
-0.29357645916582004 0.03297025392944731 0.09512999881266125 -0.43749668392028235 0.6112255344272093 -0.38387971737648996 -0.5363174062156433
-0.2895407872068547 0.03192079124146747 0.061130000690207555 -0.43749668392028235 0.6112255344272092 -0.38387971737648996 -0.5363174062156432
-0.33377416302911095 0.011802314790314215 0.06113000069145527 0.7415585932007591 -0.12284484462540275 0.6506776263623609 0.1077897191318152
-0.31365568472269545 -0.03243105356687354 0.061130000690207555 0.6112255344272092 0.43749668392028235 0.5363174062156432 -0.38387971737648996
-0.2694223089004392 -0.012312578978365438 0.06113000069145527 0.12284484462540275 0.7415585932007591 0.1077897191318152 -0.6506776263623609
-0.32972275200556933 0.021548446616943988 0.08505666756198668 0.690844336000272 -0.2259810553450168 0.6527453510002845 0.21351855373482523
-0.3216186225354083 -0.02831924276692912 0.08505666756167667 0.6482934511944481 0.32870797821454206 0.6125410813433918 -0.31058024705890164
-0.27985506262251814 0.02965257608700336 0.08505666756167667 -0.328707978214542 0.6482934511944481 -0.3105802470589016 -0.6125410813433918
-0.2717509331523571 -0.02021511329686975 0.08505666756198668 0.22598105534501678 0.690844336000272 0.2135185537348252 -0.6527453510002845
-0.305269003553674 -0.034559323685689904 0.06486333094870193 0.49773622778052595 0.42886514663548037 0.5711189378828272 -0.49209398731109466
-0.2979274683758762 0.03404905949763869 0.06486333094870193 -0.4288651466354804 0.497736227780526 -0.4920939873110947 -0.5711189378828272
-0.33590243314441026 0.0034156313044723793 0.064863330949546 0.6552061155263992 -0.04869920987754431 0.751805069055246 0.055879077273577195
-0.2672940387851399 -0.003925895259692959 0.064863330949546 0.04869920987754431 0.6552061155263992 0.055879077273577195 -0.751805069055246
-0.32069293784115377 -0.0304986863293125 0.06704333500139863 0.6292818333293618 0.3545011149149251 0.6025789748389849 -0.3394582637787899
-0.2713546780077433 -0.01934983956416775 0.06704333500167989 0.1942993113856703 0.6956395934461829 0.18605444163907853 -0.6661209187313175
-0.33184179392180685 0.018839575376116528 0.06704333500167989 0.6956395934461829 -0.1942993113856703 0.6661209187313175 0.18605444163907853
-0.2825035340883964 0.029988422141261278 0.06704333500139863 -0.3545011149149251 0.6292818333293618 -0.3394582637787899 -0.6025789748389849
-0.3150097900843114 -0.033194299103960705 0.08514333422590677 0.6334873620195967 0.4127474143831778 0.548349507265422 -0.35727601649596186
-0.2668758768181788 -0.013606280852487744 0.08514333422618466 0.15608671674744964 0.7397997045907045 0.13510936360455608 -0.6403739484152051
-0.286463895073615 0.03452763242403494 0.08514333422590677 -0.4127474143831778 0.6334873620195967 -0.35727601649596186 -0.548349507265422
-0.3345978083397476 0.014939614172561982 0.08514333422618466 0.7397997045907044 -0.15608671674744967 0.6403739484152051 0.1351093636045561
-0.31802336502882433 -0.028975318482662365 0.09104333148472459 0.6292818333293618 0.3545011149149251 0.6025789748389849 -0.3394582637787899
-0.27109485743980916 -0.01661985579565201 0.09104333148500585 0.19429931138567036 0.6956395934461829 0.18605444163907858 -0.6661209187313175
-0.2834503201291021 0.030308651802736602 0.09104333148472459 -0.35450111491492503 0.6292818333293618 -0.33945826377878985 -0.6025789748389849
-0.3303788277181173 0.017953189115726246 0.09104333148500585 0.6956395934461829 -0.1942993113856703 0.6661209187313175 0.18605444163907853
-0.276869018672587 -0.0208743576274058 0.07883000363895265 0.2254091232217698 0.6034821693331547 0.26762419553191263 -0.7165035159936338
-0.32632745325696316 0.020364093439354577 0.07883000363895265 0.6034821693331547 -0.2254091232217698 0.7165035159936338 0.26762419553191263
-0.3222174652314423 -0.02498434565346618 0.07883000363669869 0.5861146541459126 0.267338011893368 0.6958833812457442 -0.3174056069106358
-0.2809790066981079 0.024474081465414955 0.07883000363669869 -0.267338011893368 0.5861146541459126 -0.3174056069106358 -0.6958833812457442
-0.27813556319773963 0.027608512551054114 0.08483000089488503 -0.2673380118933679 0.5861146541459126 -0.31740560691063574 -0.6958833812457442
-0.3276786884774374 0.023267946033263983 0.08483000089713899 0.6034821693331546 -0.2254091232217698 0.7165035159936337 0.26762419553191263
-0.3233381219601868 -0.026275179230979873 0.08483000089488503 0.5861146541459126 0.267338011893368 0.6958833812457442 -0.3174056069106358
-0.273794996680489 -0.021934612713189746 0.08483000089713899 0.22540912322176979 0.6034821693331546 0.26762419553191263 -0.7165035159936337
-0.32972275200556933 0.021548446616943988 0.09105666482017302 0.690844336000272 -0.2259810553450168 0.6527453510002845 0.21351855373482523
-0.27985506262251814 0.02965257608700336 0.091056664819863 -0.328707978214542 0.6482934511944481 -0.3105802470589016 -0.6125410813433918
-0.2717509331523571 -0.02021511329686975 0.09105666482017302 0.22598105534501678 0.690844336000272 0.2135185537348252 -0.6527453510002845
-0.3216186225354083 -0.02831924276692912 0.091056664819863 0.6482934511944481 0.32870797821454206 0.6125410813433918 -0.31058024705890164
-0.30291389895984205 0.032306021825238944 0.05307666604311718 0.5244410831875262 -0.5131226800172349 0.4856633459144583 0.47518183882825077
-0.26903707645766706 0.0010605316037410302 0.053076666043119274 -0.008003320717062912 0.7336683728644166 -0.007411546602616823 -0.6794201457808979
-0.3002825729697081 -0.03281628601329017 0.05307666604311718 0.5131226800172349 0.5244410831875264 0.4751818388282508 -0.4856633459144584
-0.3341593954718831 -0.0015707955589616103 0.053076666043119274 0.7336683728644166 0.008003320717062912 0.6794201457808979 -0.007411546602616823
-0.28307819659434613 -0.0280586602871089 0.09088333148689585 0.3374240736423024 0.5725483925805358 0.37938095740331407 -0.6437417353565198
-0.3294621695314298 -0.016991979315061714 0.09088333148726745 0.6434477023279396 0.16625799792675405 0.7234569952561745 -0.18693129355244492
-0.3183954885635803 0.029391993607183135 0.09088333148689585 0.5725483925805358 -0.33742407364230254 0.6437417353565198 0.3793809574033142
-0.2720115156264966 0.01832531263513595 0.09088333148726745 -0.16625799792675403 0.6434477023279396 -0.1869312935524449 -0.7234569952561745
-0.3344738582445772 0.012602276049956826 0.07489000298274356 0.6583781493670048 -0.10741607743602276 0.735261614934186 0.11995981138993662
-0.28874083245892407 0.03262049204218745 0.0748900029824123 -0.38958901224535164 0.5414982942057375 -0.4350840714561106 -0.6047328746439555
-0.3144556394706261 -0.03313075623023867 0.0748900029824123 0.5414982942057375 0.38958901224535164 0.6047328746439555 -0.4350840714561106
-0.26872261368497297 -0.01311254023800805 0.07489000298274356 0.10741607743602276 0.6583781493670048 0.11995981138993662 -0.735261614934186
-0.33954132655648467 0.0028420623461563404 0.09096333148445834 0.6939890612762152 -0.006771183805255283 0.7199194362835203 0.007024183942035219
-0.3029122382704774 -0.0381378173173795 0.09096333148447137 0.495512322534034 0.48593642004341575 0.5140267648262394 -0.5040930657473742
-0.26193235860144176 -0.0015087290260820945 0.09096333148445834 0.006771183805255241 0.6939890612762152 0.0070241839420351745 -0.7199194362835203
-0.298561446887449 0.03947115063745374 0.09096333148447137 -0.48593642004341575 0.49551232253403393 -0.5040930657473741 -0.5140267648262393
-0.28320221973445353 0.028835280881114183 0.05504333303444535 -0.3545011149149251 0.6292818333293618 -0.3394582637787899 -0.6025789748389849
-0.2725078192678904 -0.018651166956626667 0.05504333303472661 0.1942993113856703 0.6956395934461829 0.18605444163907853 -0.6661209187313175
-0.33068865266165975 0.018140902768575443 0.05504333303472661 0.6956395934461829 -0.1942993113856703 0.6661209187313175 0.18605444163907853
-0.31999428199741903 -0.029345545069165407 0.05504333303444535 0.6292818333293618 0.3545011149149251 0.6025789748389849 -0.3394582637787899
-0.30537152354268765 -0.03624504734806631 0.0808633335713063 0.49773622778052595 0.42886514663548037 0.5711189378828272 -0.49209398731109466
-0.26382512857082435 -0.003968014304238001 0.08086333357215036 0.04869920987754433 0.6552061155263992 0.05587907727357721 -0.751805069055246
-0.3376485565871021 0.005301347624312238 0.08086333357215036 0.6552061155263992 -0.048699209877544364 0.751805069055246 0.05587907727357725
-0.2961021616152388 0.03757838066814056 0.0808633335713063 -0.4288651466354804 0.497736227780526 -0.4920939873110947 -0.5711189378828272
-0.33483479493577106 -0.004668566336847417 0.09106333148909439 0.7280651056534003 0.039848090908952485 0.6833261387821985 -0.037399460394859675
-0.3060720755903415 0.0347646190152505 0.09106333148914372 0.54299663231358 -0.48664291399337695 0.5096299617877328 0.45673913080048184
-0.26663889022215537 0.006001899656921654 0.09106333148909439 -0.03984809090895244 0.7280651056534003 -0.03739946039485964 -0.6833261387821985
-0.29540160956758493 -0.033431285695176255 0.09106333148914372 0.48664291399337695 0.54299663231358 0.45673913080048184 -0.5096299617877328
-0.28387821076845665 0.03314377393011377 0.09091666481588172 -0.3458237008762764 0.5820131439452964 -0.3759499997933269 -0.6327149957465407
-0.33321394985134106 0.017525298466324946 0.09091666481592921 0.6560797252145908 -0.16701115531289187 0.7132338587281755 0.18156026802997757
-0.26825973530658537 -0.016191965146250705 0.09091666481592921 0.16701115531289185 0.6560797252145908 0.18156026802997755 -0.7132338587281755
-0.3175954743894698 -0.031810440610039535 0.09091666481588172 0.5820131439452964 0.34582370087627645 0.6327149957465407 -0.37594999979332694
-0.2680057331513154 -0.013107300568750561 0.09514333214002209 0.15608671674744964 0.7397997045907045 0.13510936360455608 -0.6403739484152051
-0.33346795200661106 0.0144406338888248 0.09514333214002209 0.7397997045907044 -0.15608671674744967 0.6403739484152051 0.1351093636045561
-0.2869628753573522 0.03339777609089838 0.0951433321397442 -0.4127474143831778 0.6334873620195967 -0.35727601649596186 -0.548349507265422
-0.3145108098005742 -0.032064442770824146 0.0951433321397442 0.6334873620195967 0.4127474143831778 0.548349507265422 -0.35727601649596186
-0.3142210368123946 -0.03298812413152101 0.09501666547662227 0.5882154497453358 0.40290931862948653 0.5784922095223118 -0.39624920083756515
-0.33439163337101047 0.014150860892200818 0.09501666547673711 0.7008310448445031 -0.13103122145948318 0.6892462612199548 0.12886526676848192
-0.26708205178691596 -0.012817527572126574 0.09501666547673711 0.13103122145948312 0.7008310448445031 0.12886526676848187 -0.6892462612199548
-0.2872526483455318 0.03432145745159525 0.09501666547662227 -0.40290931862948665 0.5882154497453357 -0.39624920083756526 -0.5784922095223117
-0.26903564594619245 0.0029951027954095407 0.05907666702659591 -0.008003320717062912 0.7336683728644166 -0.007411546602616823 -0.6794201457808979
-0.29834801481655565 -0.03281771652476478 0.05907666702659382 0.5131226800172349 0.5244410831875264 0.4751818388282508 -0.4856633459144584
-0.3048484869153169 0.03230745233671355 0.05907666702659382 0.5244410831875262 -0.5131226800172349 0.4856633459144583 0.47518183882825077
-0.3341608259833577 -0.0035053667506301208 0.05907666702659591 0.7336683728644166 0.008003320717062912 0.6794201457808979 -0.007411546602616823
-0.26825454359061623 0.008406903319177194 0.08292333017444786 -0.08238496416845724 0.6744474660238389 -0.08896298259799132 -0.728298648207076
-0.29299660592283056 -0.03181563232902252 0.08292333017402882 0.41865141102311476 0.5351613425742296 0.45207858522252836 -0.5778912408452824
-0.3332191415673102 -0.007073569999102957 0.08292333017444786 0.6744474660238389 0.08238496416845727 0.728298648207076 -0.08896298259799135
-0.3084770792350959 0.033148965649096765 0.08292333017402882 0.5351613425742296 -0.41865141102311476 0.5778912408452824 0.45207858522252836
-0.2637384257603327 -0.0005269690707934955 0.09108999815626961 0.024254634293036623 0.7378426083671986 0.022161654467788082 -0.6741727219818747
-0.30193047830751796 -0.03633175015876389 0.09108999815604138 0.5388841275444328 0.5045828960372719 0.4923827591214791 -0.4610414478409017
-0.29954320685040847 0.03766508347883813 0.09108999815604138 -0.5045828960372719 0.5388841275444328 -0.4610414478409017 -0.4923827591214791
-0.33773525939759375 0.0018603023908677326 0.09108999815626961 0.7378426083671986 -0.02425463429303667 0.6741727219818747 0.022161654467788124
-0.2658647328476731 -0.00852316373930859 0.06487666428210047 0.07791574439606437 0.6574667063192892 0.08819872367126813 -0.7442362877471321
-0.29333022293424826 0.035478376608187444 0.06487666428199959 -0.409804412318807 0.5199939199036149 -0.4638886064118697 -0.588620444555372
-0.3373317390818771 0.008012899551257367 0.06487666428210047 0.6574667063192892 -0.07791574439606437 0.7442362877471321 0.08819872367126813
-0.3098662787976243 -0.03598864079623867 0.06487666428199959 0.5199939199036149 0.40980441231880704 0.5886204445553719 -0.46388860641186974
-0.27071982263743316 -0.014613284579240524 0.0509033323836253 0.1371362213331081 0.6579212152289095 0.15110035294852717 -0.7249151775821929
-0.332476649292117 0.0141030203911893 0.0509033323836253 0.6579212152289095 -0.1371362213331081 0.7249151775821929 0.15110035294852717
-0.3159563800673691 -0.031133541696432007 0.05090333238402135 0.562190504530109 0.36825060144420313 0.6194365220867336 -0.40574835336357906
-0.2872400918621811 0.030623277508380783 0.05090333238402135 -0.36825060144420313 0.562190504530109 -0.40574835336357906 -0.6194365220867336
-0.3368335361154152 -0.007422140316561958 0.07505000298408604 0.7210605750651635 0.07121551104639705 0.6858654119241533 -0.06773946264333625
-0.30876525535648547 0.034980173645893814 0.0750500029839294 0.5602237913783628 -0.45950985345499884 0.5328791157578364 0.43708105214086396
-0.2944312463753871 -0.03549043783394504 0.0750500029839294 0.45950985345499884 0.5602237913783628 0.43708105214086396 -0.5328791157578364
-0.26636293581413495 0.006911876128510734 0.07505000298408604 -0.07121551104639705 0.7210605750651635 -0.06773946264333625 -0.6858654119241533
-0.31712063987989725 0.027350213147350803 0.0808433335711599 0.5977859009637061 -0.2536112832262681 0.7000839885090754 0.29701135106685883
-0.3274203890663943 -0.015717130640986326 0.08084333357208398 0.6020287227397851 0.2433682062821819 0.7050528758432967 -0.2850153950796226
-0.2740532960915321 0.017050463961060563 0.08084333357208398 -0.2433682062821819 0.6020287227397851 -0.2850153950796226 -0.7050528758432967
-0.2843530452780292 -0.02601687982727656 0.0808433335711599 0.253611283226268 0.5977859009637061 0.2970113510668588 -0.7000839885090754
-0.3046874298898868 0.034477473639045055 0.08506333423095738 0.54299663231358 -0.48664291399337695 0.5096299617877328 0.45673913080048184
-0.29678625526803964 -0.03314414031897081 0.08506333423095738 0.48664291399337695 0.54299663231358 0.45673913080048184 -0.5096299617877328
-0.2669260355983608 0.004617253956466942 0.08506333423090805 -0.03984809090895244 0.7280651056534003 -0.03739946039485964 -0.6833261387821985
-0.3345476495595656 -0.003283920636392705 0.08506333423090805 0.7280651056534003 0.039848090908952485 0.6833261387821985 -0.037399460394859675
-0.33436764067278374 0.009745571532919531 0.0950033321415143 0.7012490152458153 -0.09958155160655933 0.6989154012080386 0.09925016448656918
-0.2671060444851427 -0.008412238212845294 0.0950033321415143 0.0995815516065593 0.7012490152458153 0.09925016448656913 -0.6989154012080386
-0.29165793772257453 0.03429746475863857 0.0950033321414901 -0.4254431484099223 0.5662727207473002 -0.4240273601845771 -0.5643882803738948
-0.3098157474353519 -0.032964131438564324 0.0950033321414901 0.5662727207473002 0.4254431484099223 0.5643882803738948 -0.4240273601845771
-0.33377416302911095 0.011802314790314215 0.05512999970797863 0.7415585932007591 -0.12284484462540275 0.6506776263623609 0.1077897191318152
-0.2694223089004392 -0.012312578978365438 0.05512999970797863 0.12284484462540275 0.7415585932007591 0.1077897191318152 -0.6506776263623609
-0.31365568472269545 -0.03243105356687354 0.055129999706730916 0.6112255344272092 0.43749668392028235 0.5363174062156432 -0.38387971737648996
-0.2895407872068547 0.03192079124146747 0.055129999706730916 -0.43749668392028235 0.6112255344272092 -0.38387971737648996 -0.5363174062156432
-0.3023205575730729 0.03400506550989079 0.0908366648260984 0.4634108799481577 -0.4512024969643538 0.5464394874697639 0.5320437478371384
-0.3340752414283802 -0.0009170483510422081 0.09083666482619741 0.646729320944723 0.008632635812939729 0.762602808959181 -0.010179331847705116
-0.2991531275848535 -0.032671732189816546 0.0908366648260984 0.45120249696435377 0.46341087994815766 0.5320437478371383 -0.5464394874697638
-0.26739844372954624 0.002250381671116445 0.09083666482619741 -0.008632635812939691 0.646729320944723 -0.01017933184770507 -0.762602808959181
-0.2916036142732131 -0.0318787881027012 0.09103666481764366 0.4317894061107919 0.5761000273080332 0.41623702591773415 -0.5553498046828975
-0.30987007088471336 0.033212121422775444 0.09103666481764366 0.5761000273080332 -0.431789406110792 0.5553498046828975 0.4162370259177342
-0.3332822973411316 -0.008466561647668886 0.09103666481759534 0.7126854528902407 0.10204301989012875 0.6870156363904213 -0.09836758960856963
-0.26819138781679486 0.009799894967743123 0.09103666481759534 -0.10204301989012879 0.7126854528902407 -0.09836758960856967 -0.6870156363904213
-0.2796956412737179 0.005944137436003855 0.20516999821307733 -0.35990911136220965 0.6748817912544413 -0.30313700263086435 -0.5684258588660765
-0.2689407233921805 -0.010762319393079737 0.20516999821307733 0.6748817912544413 0.35990911136220954 0.5684258588660765 -0.30313700263086424
