0.41718105346054657 0.11397411673362896 0.0634999992777181 -0.683007311379428 -0.2741672482996827 0.6282753464707231 -0.25219718788899725
0.46500068027514113 -0.0032591279205584464 0.04549999887667574 -0.6939890612762152 0.0067711838052552835 0.7199194362835203 0.00702418394203513
0.4503395342971821 0.06637076696257063 0.07150000092823629 -0.7378394757952937 -0.1546811157332881 0.643034943943874 -0.13480623598606384
0.4074015405783139 0.10374370356123493 0.1155000003506017 -0.683007311379428 -0.2741672482996827 0.6282753464707231 -0.25219718788899725
0.42825535775680734 0.05656273977707097 0.12750000265677097 -0.7378394757952937 -0.1546811157332881 0.643034943943874 -0.13480623598606384
0.42140005639570255 0.07454671827529809 0.11050000141723793 -0.6796850493220719 -0.19068709189963817 0.6819544548634889 -0.19132377845619067
0.4289909982826252 0.05688535247805485 0.13550000396807316 -0.7378394757952937 -0.1546811157332881 0.643034943943874 -0.13480623598606384
0.3833437153010389 0.12373135601749585 0.10650000042092016 -0.6748817912544413 -0.3599091113622096 0.5684258588660765 -0.3031370026308644
0.4302553320076008 0.05656272906686136 0.1415000012262595 -0.7378394757952937 -0.1546811157332881 0.643034943943874 -0.13480623598606384
0.409756841768627 0.08870895616285412 0.10350000023574152 -0.616920449170107 -0.21850055724160483 0.7127047675487265 -0.2524253953035973
0.42641292623060245 0.07759976736654779 0.11249999801977317 -0.6796850493220719 -0.19068709189963817 0.6819544548634889 -0.19132377845619067
0.41718105346054657 0.11397411673362896 0.0634999992777181 -0.27416724829968275 0.683007311379428 -0.2521971878889972 -0.6282753464707231
0.46500068027514113 -0.0032591279205584464 0.04549999887667574 0.006771183805255241 0.6939890612762152 0.0070241839420351745 -0.7199194362835203
0.4503395342971821 0.06637076696257063 0.07150000092823629 -0.15468111573328816 0.7378394757952937 -0.1348062359860638 -0.643034943943874
0.4074015405783139 0.10374370356123493 0.1155000003506017 -0.27416724829968275 0.683007311379428 -0.2521971878889972 -0.6282753464707231
0.42825535775680734 0.05656273977707097 0.12750000265677097 -0.15468111573328816 0.7378394757952937 -0.1348062359860638 -0.643034943943874
0.42140005639570255 0.07454671827529809 0.11050000141723793 -0.1906870918996382 0.6796850493220719 -0.1913237784561906 -0.6819544548634889
0.4289909982826252 0.05688535247805485 0.13550000396807316 -0.15468111573328816 0.7378394757952937 -0.1348062359860638 -0.643034943943874
0.3833437153010389 0.12373135601749585 0.10650000042092016 -0.35990911136220965 0.6748817912544413 -0.30313700263086435 -0.5684258588660765
0.4302553320076008 0.05656272906686136 0.1415000012262595 -0.15468111573328816 0.7378394757952937 -0.1348062359860638 -0.643034943943874
0.409756841768627 0.08870895616285412 0.10350000023574152 -0.21850055724160486 0.616920449170107 -0.25242539530359726 -0.7127047675487265
0.42641292623060245 0.07759976736654779 0.11249999801977317 -0.1906870918996382 0.6796850493220719 -0.1913237784561906 -0.6819544548634889
