0.2709726611367819 -0.2981187942171888 0.05097666571314023 0.03738610125143161 0.6978077191035459 -0.038268862685316554 0.7142843696606395
0.30284259295097543 -0.27154775655305013 0.05097666571312263 -0.5198605384355272 -0.46698860154825556 0.5321354963157496 -0.4780151463733331
0.297543668989027 -0.3299887260195054 0.05097666571312263 -0.46698860154825556 0.5198605384355272 0.4780151463733331 0.5321354963157496
0.3294136306055429 -0.30341768835536675 0.05097666571314023 -0.6978077191035459 0.03738610125143161 0.7142843696606395 0.038268862685316554
0.2733205245492866 -0.305047024697323 0.06106333402229178 -0.039848090908952465 0.7280651056534003 0.03739946039485974 0.6833261387821985
0.29591436244562347 -0.27389561996599643 0.061063334022341126 0.486642913993377 0.54299663231358 -0.4567391308004818 0.5096299617877328
0.304471899494379 -0.3276408626065591 0.061063334022341126 -0.54299663231358 0.486642913993377 0.5096299617877328 0.4567391308004818
0.3270657671930382 -0.29648945787523256 0.06106333402229178 -0.7280651056534003 -0.039848090908952465 0.6833261387821985 -0.03739946039485974
0.2815121388964221 -0.2810413166875683 0.054843333034718104 0.2536112832262681 0.5977859009637061 -0.2970113510668587 0.7000839885090754
0.28046622127233556 -0.3194492184587851 0.054843333035642185 -0.24336820628218186 0.6020287227397851 0.28501539507962265 0.7050528758432967
0.3188741230435803 -0.3204951658849872 0.054843333034718104 -0.5977859009637061 0.2536112832262681 0.7000839885090754 0.2970113510668587
0.31992007046998927 -0.28208726411377044 0.054843333035642185 -0.6020287227397851 -0.24336820628218186 0.7050528758432967 -0.28501539507962265
0.2974297932269216 -0.3183136985547445 0.1008500035014593 -0.44674252374696083 0.4747853303007834 0.5196330409750114 0.552251310848996
0.31761477368852475 -0.30258095769557714 0.10085000350136523 -0.6516185945545127 0.019829260611401563 0.7579366937563935 0.023064603010538056
0.3018820328227191 -0.282395977226444 0.1008500035014593 -0.4747853303007834 -0.4467425237469608 0.552251310848996 -0.5196330409750113
0.2816970523611159 -0.2981287180856113 0.10085000350136523 0.01982926061140152 0.6516185945545127 -0.023064603010538007 0.7579366937563935
0.279749859454032 -0.28717258368583715 0.07093000232400584 0.19697492231095293 0.652840623500824 -0.2112814426028433 0.7002572043894378
0.3137888034647007 -0.2803249846669743 0.07093000232297544 -0.6009103332453556 -0.322345731468724 0.6445551577981256 -0.34575807923847945
0.2865974882776241 -0.32121149790558123 0.07093000232297544 -0.322345731468724 0.6009103332453556 0.34575807923847945 0.6445551577981256
0.3206364024859704 -0.3143638988867184 0.07093000232400584 -0.652840623500824 0.19697492231095293 0.7002572043894378 0.2112814426028433
0.2943265384807397 -0.2761557411032035 0.07092333565765614 0.4186514110231148 0.5351613425742296 -0.4520785852225283 0.5778912408452824
0.2755806456888008 -0.3066348486797079 0.07092333565807518 -0.08238496416845725 0.6744474660238389 0.08896298259799142 0.728298648207076
0.30605972345926274 -0.32538074146935203 0.07092333565765614 -0.5351613425742296 0.4186514110231148 0.5778912408452824 0.4520785852225283
0.324805646053524 -0.2949016338928476 0.07092333565807518 -0.6744474660238389 -0.08238496416845725 0.728298648207076 -0.08896298259799142
0.29632633810340436 -0.31250632263865896 0.15088999308804127 -0.3895890122453516 0.5414982942057375 0.43508407145611067 0.6047328746439555
0.2878013677646205 -0.2966853143545857 0.15088999308837253 0.10741607743602283 0.6583781493670048 -0.1199598113899366 0.735261614934186
0.31214734641219327 -0.30398135228762774 0.15088999308837253 -0.6583781493670048 0.10741607743602287 0.735261614934186 0.11995981138993664
0.3036223760734093 -0.28816034400355456 0.15088999308804127 -0.5414982942057375 -0.3895890122453516 0.6047328746439555 -0.43508407145611067
0.29301835340150506 -0.2895672689420178 0.15508333452698464 0.2890935783515853 0.6768246230758339 -0.26592741457923813 0.6225881003756283
0.2892082927048145 -0.30728933700330496 0.15508333452696885 -0.27416724829968264 0.683007311379428 0.2521971878889972 0.6282753464707231
0.3069303607753087 -0.3110993977001957 0.15508333452698464 -0.6768246230758339 0.28909357835158533 0.6225881003756283 0.26592741457923813
0.31074042147199915 -0.29337732963890856 0.15508333452696885 -0.683007311379428 -0.2741672482996827 0.6282753464707231 -0.25219718788899725
0.30192030583720325 -0.29027160012614367 0.14488999582985493 -0.5414982942057375 -0.3895890122453516 0.6047328746439555 -0.43508407145611067
0.2980284083396104 -0.31039506651606985 0.14488999582985493 -0.3895890122453516 0.5414982942057375 0.43508407145611067 0.6047328746439555
0.2899126238872096 -0.2983873845907918 0.1448899958301862 0.10741607743602283 0.6583781493670048 -0.1199598113899366 0.735261614934186
0.31003609028960416 -0.3022792820514217 0.1448899958301862 -0.6583781493670048 0.10741607743602287 0.735261614934186 0.11995981138993664
0.28392734890504334 -0.28450574725817074 0.07084333565732247 0.2536112832262681 0.5977859009637061 -0.2970113510668587 0.7000839885090754
0.283930651842938 -0.3170340084501639 0.07084333565824655 -0.24336820628218186 0.6020287227397851 0.28501539507962265 0.7050528758432967
0.3164589130349591 -0.3170307353143848 0.07084333565732247 -0.5977859009637061 0.2536112832262681 0.7000839885090754 0.2970113510668587
0.31645563989938685 -0.28450247412239166 0.07084333565824655 -0.6020287227397851 -0.24336820628218186 0.7050528758432967 -0.28501539507962265
0.3221667255374285 -0.3004326007388412 0.07496333631243457 -0.6939890612762152 0.0067711838052552835 0.7199194362835203 0.00702418394203513
0.27821953640257396 -0.30110388183371434 0.07496333631243457 0.0067711838052552835 0.6939890612762152 -0.00702418394203513 0.7199194362835203
0.30052878641320396 -0.322741820952439 0.0749633363124476 -0.4859364200434157 0.495512322534034 0.5040930657473741 0.5140267648262393
0.29985750532912087 -0.27879466162011657 0.0749633363124476 -0.4955123225340341 -0.4859364200434158 0.5140267648262394 -0.5040930657473742
0.29819730625087537 -0.2817810182884533 0.07105000232827831 0.4595098534549989 0.5602237913783628 -0.4370810521408639 0.5328791157578364
0.28120589307235944 -0.3027640809132617 0.07105000232843495 -0.071215511046397 0.7210605750651635 0.06773946264333629 0.6858654119241533
0.30218898549144946 -0.31975546428410223 0.07105000232827831 -0.5602237913783628 0.4595098534549989 0.5328791157578364 0.4370810521408639
0.319180368867643 -0.29877240165929386 0.07105000232843495 -0.7210605750651635 -0.071215511046397 0.6858654119241533 -0.06773946264333629
0.3275234688436699 -0.2937315947159067 0.062923334346773 -0.6744474660238389 -0.08238496416845725 0.728298648207076 -0.08896298259799142
0.2931564993037988 -0.27343791831305764 0.06292333434635396 0.4186514110231148 0.5351613425742296 -0.4520785852225283 0.5778912408452824
0.27286282289865493 -0.30780488785664883 0.062923334346773 -0.08238496416845725 0.6744474660238389 0.08896298259799142 0.728298648207076
0.30722976263620366 -0.3280985642594979 0.06292333434635396 -0.5351613425742296 0.4186514110231148 0.5778912408452824 0.4520785852225283
0.3230894316417016 -0.3156562765970608 0.06093000068487812 -0.652840623500824 0.19697492231095293 0.7002572043894378 0.2112814426028433
0.31508118117504313 -0.2778719555112431 0.06093000068384772 -0.6009103332453556 -0.322345731468724 0.6445551577981256 -0.34575807923847945
0.2853051105672817 -0.32366452706131243 0.06093000068384772 -0.322345731468724 0.6009103332453556 0.34575807923847945 0.6445551577981256
0.2772968302983008 -0.28588020597549474 0.06093000068487812 0.19697492231095293 0.652840623500824 -0.2112814426028433 0.7002572043894378
0.27782371691154706 -0.30583506122370174 0.07505000298408604 -0.071215511046397 0.7210605750651635 0.06773946264333629 0.6858654119241533
0.2951263259404353 -0.27839884212764093 0.0750500029839294 0.4595098534549989 0.5602237913783628 -0.4370810521408639 0.5328791157578364
0.3225625450284554 -0.2957014213488538 0.07505000298408604 -0.7210605750651635 -0.071215511046397 0.6858654119241533 -0.06773946264333629
0.3052599658018895 -0.3231376404449146 0.0750500029839294 -0.5602237913783628 0.4595098534549989 0.5328791157578364 0.4370810521408639
0.29949469880063107 -0.3165582120731208 0.10483666339558692 -0.46341087994815766 0.4512024969643538 0.5464394874697638 0.5320437478371383
0.2998171272490096 -0.28415146370806765 0.10483666339558692 0.4512024969643538 0.46341087994815766 -0.5320437478371383 0.5464394874697638
0.31585928720691026 -0.3005160520978139 0.10483666339568594 -0.646729320944723 -0.008632635812939651 0.762602808959181 -0.010179331847705118
0.2834525388427304 -0.3001936236833746 0.10483666339568594 -0.00863263581293969 0.646729320944723 0.010179331847705163 0.762602808959181
0.2985018763766146 -0.3110877604206384 0.1509899930859752 -0.4468140407726328 0.5434677663168533 0.4513047469578928 0.5489298910756042
0.28921992998837626 -0.2988608526118458 0.15098999308598124 0.06834450383392912 0.700234981171117 -0.06903140052970516 0.7072726954159102
0.3107287841884374 -0.3018058140303677 0.15098999308598124 -0.700234981171117 0.06834450383392915 0.7072726954159102 0.0690314005297052
0.30144683780019915 -0.28957890622157506 0.1509899930859752 -0.5434677663168535 -0.44681404077263276 0.5489298910756042 -0.45130474695789274
0.28581354878776044 -0.3003313489152217 0.10507666339071257 -0.008003320717062867 0.7336683728644166 0.007411546602616865 0.6794201457808979
0.31349827726188023 -0.30037832686596677 0.10507666339071257 -0.7336683728644166 -0.008003320717062824 0.6794201457808979 -0.007411546602616823
0.29963242404524 -0.3141972021277461 0.10507666339071049 -0.5244410831875264 0.5131226800172349 0.4856633459144585 0.47518183882825077
0.2996794020044007 -0.2865124736534424 0.10507666339071049 0.5131226800172349 0.5244410831875262 -0.47518183882825077 0.48566334591445837
0.29789201475694854 -0.2808001624121329 0.08506333423095738 0.486642913993377 0.54299663231358 -0.4567391308004818 0.5096299617877328
0.30141981129269213 -0.31990951336905554 0.08506333423095738 -0.54299663231358 0.486642913993377 0.5096299617877328 0.4567391308004818
0.2801012375447645 -0.3021187361439723 0.08506333423090805 -0.039848090908952444 0.7280651056534003 0.03739946039485972 0.6833261387821985
0.31921058850487616 -0.2985909396372162 0.08506333423090805 -0.7280651056534003 -0.039848090908952395 0.6833261387821985 -0.03739946039485968
0.2753600606104788 -0.29926176952324324 0.08096333357062091 0.006771183805255325 0.6939890612762152 -0.0070241839420351745 0.7199194362835203
0.3007489813975663 -0.27605898547635754 0.08096333357063394 -0.4955123225340341 -0.4859364200434158 0.5140267648262394 -0.5040930657473742
0.3239517654391619 -0.3014479062579452 0.08096333357062091 -0.6939890612762152 0.0067711838052552835 0.7199194362835203 0.00702418394203513
0.2985628446520744 -0.32465069030483096 0.08096333357063394 -0.4859364200434157 0.49551232253403404 0.5040930657473742 0.5140267648262394
0.3036703701173947 -0.2832038849812208 0.10099000351678804 -0.5434677663168535 -0.44681404077263276 0.5489298910756042 -0.45130474695789274
0.2825049601149479 -0.29634038080055125 0.10099000351679409 0.06834450383392912 0.700234981171117 -0.06903140052970516 0.7072726954159102
0.295641455932246 -0.3175057907999677 0.10099000351678804 -0.4468140407726328 0.5434677663168533 0.4513047469578928 0.5489298910756042
0.31680686593469276 -0.3043692949806372 0.10099000351679409 -0.700234981171117 0.06834450383392915 0.7072726954159102 0.0690314005297052
0.3009455947829923 -0.3013489156082609 0.15094332641765862 0.22696084266874417 0.6481939846942419 -0.24020793444190752 0.6860273189403222
0.29900311939382146 -0.2993177510339526 0.15094332641765862 -0.648193984694242 0.22696084266874425 0.6860273189403223 0.24020793444190758
0.30098993937581275 -0.2993620956267533 0.1509433264180856 -0.2978568113043972 0.6188279131323768 0.3152419100704137 0.6549472284260477
0.2989587748010009 -0.3013045710154602 0.1509433264180856 -0.6188279131323768 -0.2978568113043972 0.6549472284260477 -0.3152419100704137
0.2950349694862176 -0.27998003471663735 0.08092333357149357 0.4186514110231148 0.5351613425742296 -0.4520785852225283 0.5778912408452824
0.27928110985157606 -0.3049757814322044 0.08092333357191261 -0.08238496416845723 0.6744474660238389 0.08896298259799139 0.728298648207076
0.3200307161980646 -0.2957338943489841 0.08092333357191261 -0.6744474660238389 -0.0823849641684572 0.728298648207076 -0.08896298259799136
0.30427685656342307 -0.3207296410645511 0.08092333357149357 -0.5351613425742296 0.4186514110231148 0.5778912408452824 0.4520785852225283
0.27631791378323256 -0.2964893275061849 0.06086333401918519 0.04869920987754435 0.6552061155263992 -0.055879077273577146 0.751805069055246
0.32406837795909227 -0.30504715506637065 0.06086333401918519 -0.6552061155263992 0.04869920987754435 0.751805069055246 0.055879077273577146
0.30447202984838223 -0.27689300919838333 0.06086333401834113 -0.497736227780526 -0.42886514663548037 0.5711189378828272 -0.49209398731109477
0.2959142320916202 -0.3246434733741722 0.06086333401834113 -0.42886514663548025 0.4977362277805259 0.49209398731109466 0.5711189378828271
0.3011670155039935 -0.2807179276620824 0.09484999879269236 -0.4747853303007834 -0.4467425237469608 0.552251310848996 -0.5196330409750113
0.28001900279675435 -0.2988437354043369 0.0948499987925983 0.01982926061140152 0.6516185945545127 -0.023064603010538007 0.7579366937563935
0.3192928232528863 -0.30186594037685155 0.0948499987925983 -0.6516185945545127 0.019829260611401563 0.7579366937563935 0.023064603010538056
0.2981448105456472 -0.3199917481191061 0.09484999879269236 -0.44674252374696083 0.4747853303007834 0.5196330409750114 0.552251310848996
0.2843152723860661 -0.2973029958136738 0.10898999737751568 0.06834450383392912 0.700234981171117 -0.06903140052970516 0.7072726954159102
0.3149965536635746 -0.30340667996751464 0.10898999737751568 -0.700234981171117 0.06834450383392915 0.7072726954159102 0.0690314005297052
0.3027077551042721 -0.28501419725233895 0.10898999737750963 -0.5434677663168535 -0.44681404077263276 0.5489298910756042 -0.45130474695789274
0.29660407094536856 -0.31569547852884955 0.10898999737750963 -0.4468140407726328 0.5434677663168533 0.4513047469578928 0.5489298910756042
0.3187151248128487 -0.2964662681506116 0.08905000155357456 -0.7210605750651635 -0.071215511046397 0.6858654119241533 -0.06773946264333629
0.280596701236792 -0.30424340763057683 0.08905000155357456 -0.07121551104639696 0.7210605750651635 0.06773946264333625 0.6858654119241533
0.29576734329153453 -0.281295626101222 0.08905000155341793 0.4595098534549989 0.5602237913783628 -0.4370810521408639 0.5328791157578364
0.30354448275810614 -0.3194140496799665 0.08905000155341793 -0.5602237913783629 0.45950985345499895 0.5328791157578364 0.43708105214086396
0.31876474576195624 -0.29853011309722294 0.09106333148909439 -0.7280651056534003 -0.039848090908952395 0.6833261387821985 -0.03739946039485968
0.29783118821695526 -0.2812460051550528 0.09106333148914372 0.486642913993377 0.54299663231358 -0.4567391308004818 0.5096299617877328
0.3014806378326854 -0.3194636706261356 0.09106333148914372 -0.54299663231358 0.486642913993377 0.5096299617877328 0.4567391308004818
0.28054708028768444 -0.30217956268396556 0.09106333148909439 -0.039848090908952444 0.7280651056534003 0.03739946039485972 0.6833261387821985
0.28663792135932964 -0.29477708249827356 0.09088999815476734 0.10741607743602283 0.6583781493670048 -0.1199598113899366 0.735261614934186
0.30523366843562244 -0.28733684623133776 0.09088999815443607 -0.5414982942057375 -0.3895890122453516 0.6047328746439555 -0.43508407145611067
0.31267390469031103 -0.30593259328291494 0.09088999815476734 -0.6583781493670048 0.10741607743602287 0.735261614934186 0.11995981138993664
0.29407815761401823 -0.3133728295498507 0.09088999815443607 -0.3895890122453516 0.5414982942057375 0.43508407145611067 0.6047328746439555
0.2997230944596882 -0.3035766998532973 0.10697666744165732 -0.5198605384355272 -0.46698860154825556 0.5321354963157496 -0.4780151463733331
0.30287777498637053 -0.3002876564664504 0.10697666744167493 0.03738610125143163 0.6978077191035459 -0.03826886268531657 0.7142843696606395
0.29643405106327014 -0.3004220193147381 0.10697666744167493 -0.6978077191035459 0.03738610125143167 0.7142843696606395 0.03826886268531662
0.2995887315899525 -0.2971329759278911 0.10697666744165732 -0.46698860154825556 0.5198605384355272 0.4780151463733331 0.5321354963157496
0.32219960044565316 -0.28647954280640847 0.06499666428239238 -0.6796850493220719 -0.19068709189963817 0.6819544548634889 -0.19132377845619067
0.31448184435880877 -0.322774695856032 0.06499666428241334 -0.6154460447976028 0.34577376887576694 0.6175009622129359 0.346928275536217
0.2781866614943493 -0.31505693976614707 0.06499666428239238 -0.19068709189963814 0.6796850493220719 0.19132377845619064 0.6819544548634888
0.28590444738351606 -0.2787617867165235 0.06499666428241334 0.34577376887576694 0.6154460447976028 -0.346928275536217 0.6175009622129359
0.3220529415659754 -0.2810863389655054 0.0510966657133916 -0.6986091698700273 -0.245516926720892 0.6340463081409 -0.22282716530965033
0.2805112435496494 -0.2789084455921145 0.05109666571383986 0.3203845969267161 0.6675979657018098 -0.29077584447951954 0.6059010434964879
0.2783333501763494 -0.32045014360705015 0.0510966657133916 -0.245516926720892 0.6986091698700273 0.22282716530965033 0.6340463081409
0.31987501839035304 -0.32262803698044107 0.05109666571383986 -0.6675979657018098 0.3203845969267161 0.6059010434964879 0.29077584447951954
0.2867959401799009 -0.3200981733492818 0.08093000023681288 -0.322345731468724 0.6009103332453556 0.34575807923847945 0.6445551577981256
0.3193992484790124 -0.313214810742416 0.08093000023784327 -0.652840623500824 0.19697492231095293 0.7002572043894378 0.2112814426028433
0.3125158858697398 -0.2806115024319067 0.08093000023681288 -0.6009103332453556 -0.322345731468724 0.6445551577981256 -0.34575807923847945
0.27991257757062826 -0.2874948650387724 0.08093000023784327 0.19697492231095295 0.652840623500824 -0.21128144260284334 0.7002572043894378
0.29322572478226827 -0.30373491906307787 0.08306999684713773 -0.3019142511217424 0.6662190240915866 0.28147070127744855 0.6211072703087871
0.3060861012673724 -0.29697475671811063 0.08306999684713773 -0.6662190240915866 -0.30191425112174247 0.6211072703087871 -0.28147070127744866
0.3030359941876027 -0.30678502614413744 0.08306999684783371 -0.6845736023039356 0.25760238055685514 0.6382190022747786 0.24015932564745587
0.296275831862038 -0.293924649637051 0.08306999684783371 0.2576023805568551 0.6845736023039355 -0.24015932564745587 0.6382190022747785
0.29951711387013635 -0.2976851480992324 0.11483666876010397 -0.646729320944723 -0.008632635812939651 0.762602808959181 -0.010179331847705118
0.30352415254784204 -0.30018378142622676 0.11483666876000495 -0.46341087994815766 0.4512024969643538 0.5464394874697638 0.5320437478371383
0.2970184805605483 -0.3016921867934711 0.11483666876000495 0.4512024969643538 0.46341087994815766 -0.5320437478371383 0.5464394874697638
0.30102551923825405 -0.30419082012046555 0.11483666876010397 -0.00863263581293969 0.646729320944723 0.010179331847705163 0.762602808959181
0.2709726611367819 -0.2981187942171888 0.05097666571314023 0.6978077191035459 -0.03738610125143157 0.7142843696606395 0.038268862685316596
0.30284259295097543 -0.27154775655305013 0.05097666571312263 -0.4669886015482556 0.5198605384355272 -0.47801514637333303 -0.5321354963157496
0.297543668989027 -0.3299887260195054 0.05097666571312263 0.5198605384355273 0.46698860154825567 0.5321354963157497 -0.4780151463733331
0.3294136306055429 -0.30341768835536675 0.05097666571314023 0.03738610125143157 0.6978077191035459 0.038268862685316596 -0.7142843696606395
0.2733205245492866 -0.305047024697323 0.06106333402229178 0.7280651056534003 0.039848090908952506 0.6833261387821985 -0.037399460394859696
0.29591436244562347 -0.27389561996599643 0.061063334022341126 0.54299663231358 -0.48664291399337695 0.5096299617877328 0.45673913080048184
0.304471899494379 -0.3276408626065591 0.061063334022341126 0.48664291399337695 0.54299663231358 0.45673913080048184 -0.5096299617877328
0.3270657671930382 -0.29648945787523256 0.06106333402229178 -0.039848090908952506 0.7280651056534003 -0.037399460394859696 -0.6833261387821985
0.2815121388964221 -0.2810413166875683 0.054843333034718104 0.5977859009637061 -0.253611283226268 0.7000839885090754 0.2970113510668588
0.28046622127233556 -0.3194492184587851 0.054843333035642185 0.6020287227397851 0.2433682062821819 0.7050528758432967 -0.2850153950796226
0.3188741230435803 -0.3204951658849872 0.054843333034718104 0.253611283226268 0.5977859009637061 0.2970113510668588 -0.7000839885090754
0.31992007046998927 -0.28208726411377044 0.054843333035642185 -0.2433682062821819 0.6020287227397851 -0.2850153950796226 -0.7050528758432967
0.2974297932269216 -0.3183136985547445 0.1008500035014593 0.4747853303007834 0.4467425237469609 0.552251310848996 -0.5196330409750114
0.31761477368852475 -0.30258095769557714 0.10085000350136523 0.01982926061140152 0.6516185945545127 0.0230646030105381 -0.7579366937563935
0.3018820328227191 -0.282395977226444 0.1008500035014593 -0.44674252374696083 0.4747853303007834 -0.5196330409750113 -0.552251310848996
0.2816970523611159 -0.2981287180856113 0.10085000350136523 0.6516185945545127 -0.01982926061140148 0.7579366937563935 0.023064603010538053
0.279749859454032 -0.28717258368583715 0.07093000232400584 0.652840623500824 -0.1969749223109529 0.7002572043894378 0.21128144260284334
0.3137888034647007 -0.2803249846669743 0.07093000232297544 -0.32234573146872403 0.6009103332453556 -0.3457580792384794 -0.6445551577981256
0.2865974882776241 -0.32121149790558123 0.07093000232297544 0.6009103332453556 0.32234573146872403 0.6445551577981256 -0.3457580792384794
0.3206364024859704 -0.3143638988867184 0.07093000232400584 0.1969749223109529 0.652840623500824 0.21128144260284334 -0.7002572043894378
0.2943265384807397 -0.2761557411032035 0.07092333565765614 0.5351613425742296 -0.41865141102311476 0.5778912408452824 0.45207858522252836
0.2755806456888008 -0.3066348486797079 0.07092333565807518 0.6744474660238389 0.0823849641684573 0.728298648207076 -0.08896298259799137
0.30605972345926274 -0.32538074146935203 0.07092333565765614 0.41865141102311476 0.5351613425742296 0.45207858522252836 -0.5778912408452824
0.324805646053524 -0.2949016338928476 0.07092333565807518 -0.0823849641684573 0.6744474660238389 -0.08896298259799137 -0.728298648207076
0.29632633810340436 -0.31250632263865896 0.15088999308804127 0.5414982942057375 0.38958901224535164 0.6047328746439555 -0.4350840714561106
0.2878013677646205 -0.2966853143545857 0.15088999308837253 0.6583781493670048 -0.10741607743602279 0.735261614934186 0.11995981138993664
0.31214734641219327 -0.30398135228762774 0.15088999308837253 0.10741607743602283 0.6583781493670048 0.11995981138993668 -0.735261614934186
0.3036223760734093 -0.28816034400355456 0.15088999308804127 -0.38958901224535164 0.5414982942057375 -0.4350840714561106 -0.6047328746439555
0.29301835340150506 -0.2895672689420178 0.15508333452698464 0.6768246230758339 -0.2890935783515852 0.6225881003756283 0.2659274145792382
0.2892082927048145 -0.30728933700330496 0.15508333452696885 0.683007311379428 0.2741672482996827 0.6282753464707231 -0.25219718788899714
0.3069303607753087 -0.3110993977001957 0.15508333452698464 0.2890935783515853 0.6768246230758339 0.2659274145792382 -0.6225881003756283
0.31074042147199915 -0.29337732963890856 0.15508333452696885 -0.27416724829968275 0.683007311379428 -0.2521971878889972 -0.6282753464707231
0.30192030583720325 -0.29027160012614367 0.14488999582985493 -0.38958901224535164 0.5414982942057375 -0.4350840714561106 -0.6047328746439555
0.2980284083396104 -0.31039506651606985 0.14488999582985493 0.5414982942057375 0.38958901224535164 0.6047328746439555 -0.4350840714561106
0.2899126238872096 -0.2983873845907918 0.1448899958301862 0.6583781493670048 -0.10741607743602279 0.735261614934186 0.11995981138993664
0.31003609028960416 -0.3022792820514217 0.1448899958301862 0.10741607743602283 0.6583781493670048 0.11995981138993668 -0.735261614934186
0.28392734890504334 -0.28450574725817074 0.07084333565732247 0.5977859009637061 -0.253611283226268 0.7000839885090754 0.2970113510668588
0.283930651842938 -0.3170340084501639 0.07084333565824655 0.6020287227397851 0.2433682062821819 0.7050528758432967 -0.2850153950796226
0.3164589130349591 -0.3170307353143848 0.07084333565732247 0.253611283226268 0.5977859009637061 0.2970113510668588 -0.7000839885090754
0.31645563989938685 -0.28450247412239166 0.07084333565824655 -0.2433682062821819 0.6020287227397851 -0.2850153950796226 -0.7050528758432967
0.3221667255374285 -0.3004326007388412 0.07496333631243457 0.006771183805255241 0.6939890612762152 0.0070241839420351745 -0.7199194362835203
0.27821953640257396 -0.30110388183371434 0.07496333631243457 0.6939890612762152 -0.006771183805255241 0.7199194362835203 0.0070241839420351745
0.30052878641320396 -0.322741820952439 0.0749633363124476 0.49551232253403393 0.48593642004341575 0.5140267648262393 -0.5040930657473741
0.29985750532912087 -0.27879466162011657 0.0749633363124476 -0.48593642004341575 0.49551232253403393 -0.5040930657473741 -0.5140267648262393
0.29819730625087537 -0.2817810182884533 0.07105000232827831 0.5602237913783628 -0.45950985345499884 0.5328791157578364 0.43708105214086396
0.28120589307235944 -0.3027640809132617 0.07105000232843495 0.7210605750651635 0.07121551104639705 0.6858654119241533 -0.06773946264333625
0.30218898549144946 -0.31975546428410223 0.07105000232827831 0.45950985345499884 0.5602237913783628 0.43708105214086396 -0.5328791157578364
0.319180368867643 -0.29877240165929386 0.07105000232843495 -0.07121551104639705 0.7210605750651635 -0.06773946264333625 -0.6858654119241533
0.3275234688436699 -0.2937315947159067 0.062923334346773 -0.0823849641684573 0.6744474660238389 -0.08896298259799137 -0.728298648207076
0.2931564993037988 -0.27343791831305764 0.06292333434635396 0.5351613425742296 -0.41865141102311476 0.5778912408452824 0.45207858522252836
0.27286282289865493 -0.30780488785664883 0.062923334346773 0.6744474660238389 0.0823849641684573 0.728298648207076 -0.08896298259799137
0.30722976263620366 -0.3280985642594979 0.06292333434635396 0.41865141102311476 0.5351613425742296 0.45207858522252836 -0.5778912408452824
0.3230894316417016 -0.3156562765970608 0.06093000068487812 0.1969749223109529 0.652840623500824 0.21128144260284334 -0.7002572043894378
0.31508118117504313 -0.2778719555112431 0.06093000068384772 -0.32234573146872403 0.6009103332453556 -0.3457580792384794 -0.6445551577981256
0.2853051105672817 -0.32366452706131243 0.06093000068384772 0.6009103332453556 0.32234573146872403 0.6445551577981256 -0.3457580792384794
0.2772968302983008 -0.28588020597549474 0.06093000068487812 0.652840623500824 -0.1969749223109529 0.7002572043894378 0.21128144260284334
0.27782371691154706 -0.30583506122370174 0.07505000298408604 0.7210605750651635 0.07121551104639705 0.6858654119241533 -0.06773946264333625
0.2951263259404353 -0.27839884212764093 0.0750500029839294 0.5602237913783628 -0.45950985345499884 0.5328791157578364 0.43708105214086396
0.3225625450284554 -0.2957014213488538 0.07505000298408604 -0.07121551104639705 0.7210605750651635 -0.06773946264333625 -0.6858654119241533
0.3052599658018895 -0.3231376404449146 0.0750500029839294 0.45950985345499884 0.5602237913783628 0.43708105214086396 -0.5328791157578364
0.29949469880063107 -0.3165582120731208 0.10483666339558692 0.45120249696435377 0.46341087994815766 0.5320437478371383 -0.5464394874697638
0.2998171272490096 -0.28415146370806765 0.10483666339558692 0.4634108799481577 -0.4512024969643538 0.5464394874697639 0.5320437478371384
0.31585928720691026 -0.3005160520978139 0.10483666339568594 -0.008632635812939691 0.646729320944723 -0.01017933184770507 -0.762602808959181
0.2834525388427304 -0.3001936236833746 0.10483666339568594 0.646729320944723 0.008632635812939729 0.762602808959181 -0.010179331847705116
0.2985018763766146 -0.3110877604206384 0.1509899930859752 0.5434677663168533 0.44681404077263287 0.5489298910756042 -0.45130474695789274
0.28921992998837626 -0.2988608526118458 0.15098999308598124 0.700234981171117 -0.06834450383392908 0.7072726954159102 0.0690314005297052
0.3107287841884374 -0.3018058140303677 0.15098999308598124 0.06834450383392911 0.700234981171117 0.06903140052970524 -0.7072726954159102
0.30144683780019915 -0.28957890622157506 0.1509899930859752 -0.4468140407726327 0.5434677663168533 -0.4513047469578926 -0.5489298910756041
0.28581354878776044 -0.3003313489152217 0.10507666339071257 0.7336683728644166 0.008003320717062912 0.6794201457808979 -0.007411546602616823
0.31349827726188023 -0.30037832686596677 0.10507666339071257 -0.008003320717062869 0.7336683728644166 -0.007411546602616782 -0.6794201457808979
0.29963242404524 -0.3141972021277461 0.10507666339071049 0.5131226800172349 0.5244410831875264 0.4751818388282508 -0.4856633459144584
0.2996794020044007 -0.2865124736534424 0.10507666339071049 0.5244410831875262 -0.5131226800172349 0.4856633459144583 0.4751818388282508
0.29789201475694854 -0.2808001624121329 0.08506333423095738 0.54299663231358 -0.48664291399337695 0.5096299617877328 0.45673913080048184
0.30141981129269213 -0.31990951336905554 0.08506333423095738 0.48664291399337695 0.54299663231358 0.45673913080048184 -0.5096299617877328
0.2801012375447645 -0.3021187361439723 0.08506333423090805 0.7280651056534003 0.039848090908952485 0.6833261387821985 -0.037399460394859675
0.31921058850487616 -0.2985909396372162 0.08506333423090805 -0.03984809090895244 0.7280651056534003 -0.03739946039485964 -0.6833261387821985
0.2753600606104788 -0.29926176952324324 0.08096333357062091 0.6939890612762152 -0.006771183805255283 0.7199194362835203 0.007024183942035219
0.3007489813975663 -0.27605898547635754 0.08096333357063394 -0.48593642004341575 0.49551232253403393 -0.5040930657473741 -0.5140267648262393
0.3239517654391619 -0.3014479062579452 0.08096333357062091 0.006771183805255241 0.6939890612762152 0.0070241839420351745 -0.7199194362835203
0.2985628446520744 -0.32465069030483096 0.08096333357063394 0.495512322534034 0.48593642004341575 0.5140267648262394 -0.5040930657473742
0.3036703701173947 -0.2832038849812208 0.10099000351678804 -0.4468140407726327 0.5434677663168533 -0.4513047469578926 -0.5489298910756041
0.2825049601149479 -0.29634038080055125 0.10099000351679409 0.700234981171117 -0.06834450383392908 0.7072726954159102 0.0690314005297052
0.295641455932246 -0.3175057907999677 0.10099000351678804 0.5434677663168533 0.44681404077263287 0.5489298910756042 -0.45130474695789274
0.31680686593469276 -0.3043692949806372 0.10099000351679409 0.06834450383392911 0.700234981171117 0.06903140052970524 -0.7072726954159102
0.3009455947829923 -0.3013489156082609 0.15094332641765862 0.648193984694242 -0.22696084266874417 0.6860273189403223 0.2402079344419076
0.29900311939382146 -0.2993177510339526 0.15094332641765862 0.22696084266874417 0.6481939846942419 0.24020793444190758 -0.6860273189403222
0.30098993937581275 -0.2993620956267533 0.1509433264180856 0.6188279131323768 0.29785681130439723 0.6549472284260477 -0.31524191007041363
0.2989587748010009 -0.3013045710154602 0.1509433264180856 -0.29785681130439723 0.6188279131323768 -0.31524191007041363 -0.6549472284260477
0.2950349694862176 -0.27998003471663735 0.08092333357149357 0.5351613425742296 -0.41865141102311476 0.5778912408452824 0.45207858522252836
0.27928110985157606 -0.3049757814322044 0.08092333357191261 0.6744474660238389 0.08238496416845727 0.728298648207076 -0.08896298259799135
0.3200307161980646 -0.2957338943489841 0.08092333357191261 -0.08238496416845724 0.6744474660238389 -0.08896298259799132 -0.728298648207076
0.30427685656342307 -0.3207296410645511 0.08092333357149357 0.41865141102311476 0.5351613425742296 0.45207858522252836 -0.5778912408452824
0.27631791378323256 -0.2964893275061849 0.06086333401918519 0.6552061155263992 -0.04869920987754431 0.751805069055246 0.055879077273577195
0.32406837795909227 -0.30504715506637065 0.06086333401918519 0.04869920987754431 0.6552061155263992 0.055879077273577195 -0.751805069055246
0.30447202984838223 -0.27689300919838333 0.06086333401834113 -0.4288651466354804 0.497736227780526 -0.4920939873110947 -0.5711189378828272
0.2959142320916202 -0.3246434733741722 0.06086333401834113 0.49773622778052595 0.42886514663548037 0.5711189378828272 -0.49209398731109466
0.3011670155039935 -0.2807179276620824 0.09484999879269236 -0.44674252374696083 0.4747853303007834 -0.5196330409750113 -0.552251310848996
0.28001900279675435 -0.2988437354043369 0.0948499987925983 0.6516185945545127 -0.01982926061140148 0.7579366937563935 0.023064603010538053
0.3192928232528863 -0.30186594037685155 0.0948499987925983 0.01982926061140152 0.6516185945545127 0.0230646030105381 -0.7579366937563935
0.2981448105456472 -0.3199917481191061 0.09484999879269236 0.4747853303007834 0.4467425237469609 0.552251310848996 -0.5196330409750114
0.2843152723860661 -0.2973029958136738 0.10898999737751568 0.700234981171117 -0.06834450383392908 0.7072726954159102 0.0690314005297052
0.3149965536635746 -0.30340667996751464 0.10898999737751568 0.06834450383392911 0.700234981171117 0.06903140052970524 -0.7072726954159102
0.3027077551042721 -0.28501419725233895 0.10898999737750963 -0.4468140407726327 0.5434677663168533 -0.4513047469578926 -0.5489298910756041
0.29660407094536856 -0.31569547852884955 0.10898999737750963 0.5434677663168533 0.44681404077263287 0.5489298910756042 -0.45130474695789274
0.3187151248128487 -0.2964662681506116 0.08905000155357456 -0.07121551104639705 0.7210605750651635 -0.06773946264333625 -0.6858654119241533
0.280596701236792 -0.30424340763057683 0.08905000155357456 0.7210605750651635 0.071215511046397 0.6858654119241533 -0.0677394626433362
0.29576734329153453 -0.281295626101222 0.08905000155341793 0.5602237913783628 -0.45950985345499884 0.5328791157578364 0.43708105214086396
0.30354448275810614 -0.3194140496799665 0.08905000155341793 0.4595098534549989 0.5602237913783629 0.437081052140864 -0.5328791157578364
0.31876474576195624 -0.29853011309722294 0.09106333148909439 -0.03984809090895244 0.7280651056534003 -0.03739946039485964 -0.6833261387821985
0.29783118821695526 -0.2812460051550528 0.09106333148914372 0.54299663231358 -0.48664291399337695 0.5096299617877328 0.45673913080048184
0.3014806378326854 -0.3194636706261356 0.09106333148914372 0.48664291399337695 0.54299663231358 0.45673913080048184 -0.5096299617877328
0.28054708028768444 -0.30217956268396556 0.09106333148909439 0.7280651056534003 0.039848090908952485 0.6833261387821985 -0.037399460394859675
0.28663792135932964 -0.29477708249827356 0.09088999815476734 0.6583781493670048 -0.10741607743602279 0.735261614934186 0.11995981138993664
0.30523366843562244 -0.28733684623133776 0.09088999815443607 -0.38958901224535164 0.5414982942057375 -0.4350840714561106 -0.6047328746439555
0.31267390469031103 -0.30593259328291494 0.09088999815476734 0.10741607743602283 0.6583781493670048 0.11995981138993668 -0.735261614934186
0.29407815761401823 -0.3133728295498507 0.09088999815443607 0.5414982942057375 0.38958901224535164 0.6047328746439555 -0.4350840714561106
0.2997230944596882 -0.3035766998532973 0.10697666744165732 -0.4669886015482556 0.5198605384355272 -0.47801514637333303 -0.5321354963157496
0.30287777498637053 -0.3002876564664504 0.10697666744167493 0.6978077191035459 -0.03738610125143159 0.7142843696606395 0.03826886268531661
0.29643405106327014 -0.3004220193147381 0.10697666744167493 0.03738610125143163 0.6978077191035459 0.03826886268531666 -0.7142843696606395
0.2995887315899525 -0.2971329759278911 0.10697666744165732 0.5198605384355273 0.46698860154825567 0.5321354963157497 -0.4780151463733331
0.32219960044565316 -0.28647954280640847 0.06499666428239238 -0.1906870918996382 0.6796850493220719 -0.1913237784561906 -0.6819544548634889
0.31448184435880877 -0.322774695856032 0.06499666428241334 0.3457737688757669 0.6154460447976028 0.3469282755362171 -0.6175009622129359
0.2781866614943493 -0.31505693976614707 0.06499666428239238 0.6796850493220719 0.19068709189963817 0.6819544548634888 -0.19132377845619059
0.28590444738351606 -0.2787617867165235 0.06499666428241334 0.6154460447976028 -0.3457737688757669 0.6175009622129359 0.3469282755362171
0.3220529415659754 -0.2810863389655054 0.0510966657133916 -0.24551692672089206 0.6986091698700273 -0.2228271653096503 -0.6340463081409
0.2805112435496494 -0.2789084455921145 0.05109666571383986 0.6675979657018098 -0.32038459692671606 0.6059010434964879 0.2907758444795196
0.2783333501763494 -0.32045014360705015 0.0510966657133916 0.6986091698700273 0.24551692672089206 0.6340463081409 -0.2228271653096503
0.31987501839035304 -0.32262803698044107 0.05109666571383986 0.32038459692671606 0.6675979657018098 0.2907758444795196 -0.6059010434964879
0.2867959401799009 -0.3200981733492818 0.08093000023681288 0.6009103332453556 0.32234573146872403 0.6445551577981256 -0.3457580792384794
0.3193992484790124 -0.313214810742416 0.08093000023784327 0.1969749223109529 0.652840623500824 0.21128144260284334 -0.7002572043894378
0.3125158858697398 -0.2806115024319067 0.08093000023681288 -0.32234573146872403 0.6009103332453556 -0.3457580792384794 -0.6445551577981256
0.27991257757062826 -0.2874948650387724 0.08093000023784327 0.652840623500824 -0.19697492231095293 0.7002572043894378 0.2112814426028434
0.29322572478226827 -0.30373491906307787 0.08306999684713773 0.6662190240915866 0.30191425112174247 0.6211072703087871 -0.2814707012774485
0.3060861012673724 -0.29697475671811063 0.08306999684713773 -0.3019142511217425 0.6662190240915866 -0.2814707012774486 -0.6211072703087871
0.3030359941876027 -0.30678502614413744 0.08306999684783371 0.257602380556855 0.6845736023039355 0.24015932564745585 -0.6382190022747785
0.296275831862038 -0.293924649637051 0.08306999684783371 0.6845736023039355 -0.257602380556855 0.6382190022747785 0.2401593256474559
0.29951711387013635 -0.2976851480992324 0.11483666876010397 -0.008632635812939691 0.646729320944723 -0.01017933184770507 -0.762602808959181
0.30352415254784204 -0.30018378142622676 0.11483666876000495 0.45120249696435377 0.46341087994815766 0.5320437478371383 -0.5464394874697638
0.2970184805605483 -0.3016921867934711 0.11483666876000495 0.4634108799481577 -0.4512024969643538 0.5464394874697639 0.5320437478371384
0.30102551923825405 -0.30419082012046555 0.11483666876010397 0.646729320944723 0.008632635812939729 0.762602808959181 -0.010179331847705116
