0.2694666929873506 0.2749557422977224 0.05485666637021505 -0.21850055724160483 0.616920449170107 0.2524253953035973 0.7127047675487265
0.32597664719349134 0.26937812047977294 0.05485666637097497 -0.5907318577343603 0.28172541020789793 0.6824500813653237 0.3254666679482961
0.27504431480640185 0.3314656965158478 0.05485666637097497 0.2817254102078979 0.5907318577343602 -0.32546666794829604 0.6824500813653236
0.3315542690125426 0.3258880746978983 0.05485666637021505 -0.616920449170107 -0.21850055724160483 0.7127047675487265 -0.2524253953035973
0.2768100237887055 0.2695328813620636 0.05494333303420117 -0.2978568113043972 0.6188279131323768 0.3152419100704137 0.6549472284260477
0.3313995081354614 0.2767214512863175 0.05494333303377419 -0.648193984694242 0.2269608426687442 0.6860273189403223 0.24020793444190755
0.2696214538644318 0.32412236570930325 0.05494333303377419 0.22696084266874417 0.6481939846942419 -0.24020793444190752 0.6860273189403222
0.3242109382111877 0.3313109356335571 0.05494333303420117 -0.6188279131323768 -0.2978568113043972 0.6549472284260477 -0.3152419100704137
0.32614532739982083 0.2766254126125305 0.064956664282092 -0.642133084999924 0.25690160429116593 0.670588756529476 0.2682860161792943
0.27487563460007236 0.32421840438309024 0.064956664282092 0.25690160429116593 0.642133084999924 -0.2682860161792943 0.670588756529476
0.32430697687953297 0.3260567549030964 0.0649566642818918 -0.6357135240346594 -0.27239979515085744 0.6638847175668686 -0.28447099806898507
0.2767139851203602 0.27478706209252435 0.0649566642818918 -0.27239979515085744 0.6357135240346594 0.28447099806898507 0.6638847175668686
0.32023723971212403 0.27079380004863923 0.06287000101913963 -0.5823187311838222 0.3096851598685294 0.6636519162107795 0.3529392740676892
0.28078372228776916 0.3300500169469815 0.06287000101913963 0.3096851598685294 0.5823187311838222 -0.3529392740676892 0.6636519162107795
0.27088237255029396 0.28069514978641313 0.06287000101885798 -0.19278104641136382 0.6307420002933433 0.2197070163222894 0.7188385244192531
0.33013858944959923 0.3201486672092076 0.06287000101885798 -0.6307420002933433 -0.19278104641136382 0.7188385244192531 -0.2197070163222894
0.28937302912373425 0.26101275288951037 0.050889999048505746 -0.3895890122453516 0.5414982942057375 0.43508407145611067 0.6047328746439555
0.33991963661448077 0.28928445664007946 0.05088999904883701 -0.6583781493670048 0.1074160774360228 0.735261614934186 0.11995981138993658
0.2611013253854124 0.31155936035554127 0.05088999904883701 0.1074160774360228 0.6583781493670048 -0.11995981138993658 0.735261614934186
0.31164793287615894 0.33983106410611036 0.050889999048505746 -0.5414982942057375 -0.3895890122453516 0.6047328746439555 -0.43508407145611067
0.26470233999951764 0.31636927637498097 0.0548899997044881 0.1074160774360228 0.6583781493670048 -0.11995981138993658 0.735261614934186
0.33631862200037554 0.28447454062063976 0.0548899997044881 -0.6583781493670048 0.1074160774360228 0.735261614934186 0.11995981138993658
0.28456311310429455 0.2646137675036156 0.05488999970415684 -0.3895890122453516 0.5414982942057375 0.43508407145611067 0.6047328746439555
0.31645784889559864 0.33623004949200513 0.05488999970415684 -0.5414982942057375 -0.3895890122453516 0.6047328746439555 -0.43508407145611067
0.27587210505142734 0.3213639081424744 0.06895666493774309 0.25690160429116593 0.642133084999924 -0.2682860161792943 0.670588756529476
0.3214524806389171 0.3250602844517414 0.06895666493754289 -0.6357135240346594 -0.27239979515085744 0.6638847175668686 -0.28447099806898507
0.32514885694846585 0.27947990885314633 0.06895666493774309 -0.642133084999924 0.25690160429116593 0.670588756529476 0.2682860161792943
0.27956848136097606 0.27578353254387933 0.06895666493754289 -0.27239979515085744 0.6357135240346594 0.28447099806898507 0.6638847175668686
0.28220592212320617 0.27042715385916716 0.06301666768199413 -0.4029093186294866 0.5882154497453357 0.3962492008375653 0.5784922095223117
0.3305052356390789 0.28211734962233764 0.06301666768210896 -0.7008310448445031 0.13103122145948318 0.6892462612199548 0.1288652667684818
0.318815039876687 0.33041666313645357 0.06301666768199413 -0.5882154497453357 -0.4029093186294866 0.5784922095223117 -0.3962492008375653
0.2705157263608143 0.3187264673732831 0.06301666768210896 0.13103122145948318 0.7008310448445031 -0.1288652667684818 0.6892462612199548
0.27362117442764994 0.31395317244132687 0.07104333565733098 0.19429931138567036 0.6956395934461829 -0.1860544416390785 0.6661209187313175
0.2869792170622581 0.27353260192196827 0.07104333565704972 -0.35450111491492503 0.6292818333293618 0.33945826377878996 0.6025789748389849
0.32739978757224325 0.28689064455429386 0.07104333565733098 -0.6956395934461829 0.19429931138567036 0.6661209187313175 0.1860544416390785
0.3140417449376351 0.32731121507365246 0.07104333565704972 -0.6292818333293618 -0.35450111491492503 0.6025789748389849 -0.33945826377878996
0.312613539092743 0.2910585953885048 0.10495666338802233 -0.642133084999924 0.256901604291166 0.670588756529476 0.2682860161792944
0.3105149281780643 0.31265765727289 0.10495666338782213 -0.6357135240346594 -0.2723997951508574 0.6638847175668686 -0.284470998068985
0.291014477219463 0.28895998447410776 0.10495666338782213 -0.27239979515085744 0.6357135240346594 0.28447099806898507 0.6638847175668686
0.2889158663047843 0.3105590463584931 0.10495666338802233 0.25690160429116593 0.642133084999924 -0.2682860161792943 0.670588756529476
0.2812217997955681 0.3323696009538666 0.06085666735445161 0.2817254102078979 0.5907318577343602 -0.32546666794829604 0.6824500813653236
0.2685627885493318 0.28113322728688867 0.06085666735369169 -0.21850055724160483 0.616920449170107 0.2524253953035973 0.7127047675487265
0.3324581734505614 0.31971058970873206 0.06085666735369169 -0.616920449170107 -0.21850055724160483 0.7127047675487265 -0.2524253953035973
0.3197991622043251 0.26847421604175414 0.06085666735445161 -0.5907318577343603 0.28172541020789793 0.6824500813653237 0.3254666679482961
0.33385055016222115 0.3195259470197939 0.056996666696380496 -0.6796850493220719 -0.19068709189963817 0.6819544548634889 -0.19132377845619067
0.281406442470186 0.33376197765534843 0.05699666669640145 0.34577376887576694 0.6154460447976028 -0.346928275536217 0.6175009622129359
0.26717041183767204 0.2813178699758268 0.056996666696380496 -0.19068709189963814 0.6796850493220719 0.19132377845619064 0.6819544548634888
0.3196145195297072 0.2670818393402723 0.05699666669640145 -0.6154460447976028 0.34577376887576694 0.6175009622129359 0.346928275536217
0.2771301901381165 0.2736811262198517 0.0649433309480386 -0.2978568113043972 0.6188279131323768 0.3152419100704137 0.6549472284260477
0.2737696987222199 0.32380219935989224 0.06494333094761162 0.22696084266874417 0.6481939846942419 -0.24020793444190752 0.6860273189403222
0.3272512632776733 0.2770416176357285 0.06494333094761162 -0.648193984694242 0.2269608426687442 0.6860273189403223 0.24020793444190755
0.32389077186177667 0.32716269077576904 0.0649433309480386 -0.6188279131323768 -0.2978568113043972 0.6549472284260477 -0.3152419100704137
0.3297151975003203 0.31815863377039283 0.06485666428405248 -0.616920449170107 -0.21850055724160483 0.7127047675487265 -0.2524253953035973
0.28277375573390734 0.3296266250036255 0.0648566642848124 0.2817254102078979 0.5907318577343602 -0.32546666794829604 0.6824500813653236
0.2713057644995729 0.2826851832252279 0.06485666428405248 -0.21850055724160483 0.616920449170107 0.2524253953035973 0.7127047675487265
0.31824720626598585 0.27121719199199523 0.0648566642848124 -0.5907318577343603 0.28172541020789793 0.6824500813653237 0.3254666679482961
0.27418738400287435 0.27400555121627546 0.06093000068384772 -0.322345731468724 0.6009103332453556 0.34575807923847945 0.6445551577981256
0.32692683827698604 0.2740988114938358 0.06093000068487812 -0.652840623500824 0.19697492231095293 0.7002572043894378 0.2112814426028433
0.27409412372290715 0.3267450055017849 0.06093000068487812 0.19697492231095293 0.652840623500824 -0.2112814426028433 0.7002572043894378
0.32683357799701884 0.32683826577934527 0.06093000068384772 -0.6009103332453556 -0.322345731468724 0.6445551577981256 -0.34575807923847945
0.29897970662051954 0.33573982068745306 0.06305000101697612 0.4595098534549989 0.5602237913783628 -0.4370810521408639 0.5328791157578364
0.26519256881164777 0.29889113411168644 0.06305000101713276 -0.071215511046397 0.7210605750651635 0.06773946264333629 0.6858654119241533
0.30204125537937365 0.26510399630816767 0.06305000101697612 -0.5602237913783628 0.4595098534549989 0.5328791157578364 0.4370810521408639
0.3358283931882454 0.3019526828839343 0.06305000101713276 -0.7210605750651635 -0.071215511046397 0.6858654119241533 -0.06773946264333629
0.2776684564196971 0.3286737292519713 0.06107000069233331 0.2576023805568551 0.6845736023039355 -0.24015932564745585 0.6382190022747785
0.32335250558019607 0.2721700877436494 0.06107000069233331 -0.6845736023039356 0.25760238055685514 0.6382190022747786 0.24015932564745587
0.27225866025677675 0.27757988390785965 0.06107000069163731 -0.30191425112174247 0.6662190240915866 0.28147070127744866 0.6211072703087871
0.32876230174311644 0.3232639330877611 0.06107000069163731 -0.6662190240915866 -0.30191425112174247 0.6211072703087871 -0.28147070127744866
0.2993964230428067 0.33578044735843215 0.06490999761123135 0.39197345255265853 0.5489597528075435 -0.42899201603007864 0.6008043379286458
0.2651519421419402 0.29930785053310877 0.06490999761102238 -0.11100607986744156 0.665340249674219 0.12148966112278105 0.7281759846604274
0.335869019857953 0.30153596646251196 0.06490999761102238 -0.665340249674219 -0.11100607986744156 0.7281759846604274 -0.12148966112278105
0.30162453895708646 0.2650633696371886 0.06490999761123135 -0.5489597528075435 0.39197345255265853 0.6008043379286458 0.42899201603007864
0.26915035892782097 0.2853508394506193 0.06299666767985714 -0.19068709189963814 0.6796850493220719 0.19132377845619064 0.6819544548634888
0.3318706030720722 0.31549297754500144 0.06299666767985714 -0.6796850493220719 -0.19068709189963817 0.6819544548634889 -0.19132377845619067
0.28543941194497846 0.3317820305651995 0.06299666767987809 0.34577376887576694 0.6154460447976028 -0.346928275536217 0.6175009622129359
0.31558155005491473 0.2690617864304212 0.06299666767987809 -0.6154460447976028 0.34577376887576694 0.6175009622129359 0.346928275536217
0.3196145493320296 0.26508186508947884 0.05099666571292481 -0.6154460447976028 0.34577376887576694 0.6175009622129359 0.346928275536217
0.3358505244130146 0.3195259768221163 0.05099666571290386 -0.6796850493220719 -0.19068709189963817 0.6819544548634889 -0.19132377845619067
0.2651704375868786 0.2813178401735044 0.05099666571290386 -0.19068709189963814 0.6796850493220719 0.19132377845619064 0.6819544548634888
0.2814064126678636 0.3357619519061419 0.05099666571292481 0.34577376887576694 0.6154460447976028 -0.346928275536217 0.6175009622129359
0.3336219574367516 0.316490708887915 0.06302333434827653 -0.7029732401097976 -0.13226976672058832 0.6867575060968929 -0.12921865314570588
0.2673990045631416 0.28435310810770575 0.06302333434827653 -0.13226976672058832 0.7029732401097976 0.12921865314570588 0.6867575060968929
0.2844416806193757 0.3335333849383424 0.06302333434797244 0.4035482990852503 0.5906059918864218 -0.3942395066716311 0.5769822735860837
0.3165792813805175 0.26731043205727834 0.06302333434797244 -0.5906059918864218 0.4035482990852503 0.5769822735860837 0.3942395066716311
0.2935755752528333 0.33133261504411665 0.0709366689852865 0.4448438186910016 0.5200454858231928 -0.473968789318786 0.5540940862335666
0.33142118754659144 0.307356814242764 0.0709366689852841 -0.6822797703778444 -0.05317560798556871 0.7269502308476945 -0.056657140053172565
0.26959977445330174 0.2934870027528567 0.0709366689852841 -0.05317560798556871 0.6822797703778444 0.056657140053172565 0.7269502308476945
0.3074453867470599 0.2695112019515041 0.0709366689852865 -0.5200454858231928 0.4448438186910016 0.5540940862335666 0.473968789318786
0.33594091102169304 0.2846608586288379 0.057016666698632326 -0.7008310448445031 0.13103122145948318 0.6892462612199548 0.1288652667684818
0.2847494311297064 0.264991478476553 0.057016666698517494 -0.4029093186294866 0.5882154497453357 0.3962492008375653 0.5784922095223117
0.3162715308701868 0.3358523385190677 0.057016666698517494 -0.5882154497453357 -0.4029093186294866 0.5784922095223117 -0.3962492008375653
0.26508005097820014 0.31618295836678284 0.057016666698632326 0.13103122145948318 0.7008310448445031 -0.1288652667684818 0.6892462612199548
0.2834223992922538 0.26926407489102344 0.06504333094828278 -0.35450111491492503 0.6292818333293618 0.33945826377878996 0.6025789748389849
0.3316683146031881 0.2833338267842896 0.06504333094856404 -0.6956395934461829 0.19429931138567036 0.6661209187313175 0.1860544416390785
0.31759856270763936 0.3315797421045973 0.06504333094828278 -0.6292818333293618 -0.35450111491492503 0.6025789748389849 -0.33945826377878996
0.2693526473967051 0.31750999021133114 0.06504333094856404 0.19429931138567036 0.6956395934461829 -0.1860544416390785 0.6661209187313175
0.325408550447984 0.26802133768747677 0.054843333034718104 -0.5977859009637061 0.2536112832262681 0.7000839885090754 0.2970113510668587
0.2681099101894956 0.2755238390496835 0.054843333035642185 -0.24336820628218186 0.6020287227397851 0.28501539507962265 0.7050528758432967
0.2756124115519092 0.33282247930814396 0.054843333034718104 0.2536112832262681 0.5977859009637061 -0.2970113510668587 0.7000839885090754
0.3329110518103976 0.3253199779459372 0.054843333035642185 -0.6020287227397851 -0.24336820628218186 0.7050528758432967 -0.28501539507962265
0.28807171458476794 0.3246779195688263 0.07085666899357934 0.2817254102078979 0.5907318577343602 -0.32546666794829604 0.6824500813653236
0.2762544699343721 0.2879831420760885 0.07085666899281942 -0.21850055724160483 0.616920449170107 0.2524253953035973 0.7127047675487265
0.3247664920655211 0.31286067491953223 0.07085666899281942 -0.616920449170107 -0.21850055724160483 0.7127047675487265 -0.2524253953035973
0.31294924741512525 0.2761658974267944 0.07085666899357934 -0.5907318577343603 0.28172541020789793 0.6824500813653237 0.3254666679482961
0.2649800076433927 0.2783932807948271 0.050983332378366227 -0.21876577569900282 0.6661893134861024 0.22244276905020674 0.6773865576441607
0.3225391086927622 0.26489143513376967 0.05098333237845809 -0.6257577425816269 0.31637622171293134 0.6362754168153727 0.32169384185933736
0.278481853307131 0.33595238186185106 0.05098333237845809 0.31637622171293134 0.6257577425816269 -0.32169384185933736 0.6362754168153727
0.3360409543565005 0.3224505362007936 0.050983332378366227 -0.6661893134861024 -0.21876577569900282 0.6773865576441607 -0.22244276905020674
0.3297665479885049 0.27412833562431027 0.060956667351731206 -0.642133084999924 0.25690160429116593 0.670588756529476 0.2682860161792943
0.3268040538677532 0.32967797549178046 0.060956667351531005 -0.6357135240346594 -0.27239979515085744 0.6638847175668686 -0.28447099806898507
0.2712544140113883 0.32671548137131046 0.060956667351731206 0.25690160429116593 0.642133084999924 -0.2682860161792943 0.670588756529476
0.27421690813214 0.27116584150384027 0.060956667351531005 -0.27239979515085744 0.6357135240346594 0.28447099806898507 0.6638847175668686
0.2971909444996049 0.3224126572436663 0.07499666964683137 0.34577376887576694 0.6154460447976028 -0.346928275536217 0.6175009622129359
0.30383001750028826 0.2784311597519544 0.07499666964683137 -0.6154460447976028 0.34577376887576694 0.6175009622129359 0.346928275536217
0.27851973224935417 0.29710237200524575 0.07499666964681041 -0.19068709189963814 0.6796850493220719 0.19132377845619064 0.6819544548634888
0.322501229750539 0.303741444990375 0.07499666964681041 -0.6796850493220719 -0.19068709189963817 0.6819544548634889 -0.19132377845619067
0.3040200740179618 0.2983297410557846 0.09494333213970452 -0.648193984694242 0.22696084266874425 0.6860273189403223 0.24020793444190758
0.2982856228813011 0.2975534495540688 0.0949433321401315 -0.2978568113043972 0.6188279131323768 0.3152419100704137 0.6549472284260477
0.2975093313795655 0.3032879006912132 0.09494333213970452 0.22696084266874417 0.6481939846942419 -0.24020793444190752 0.6860273189403222
0.30324378251622613 0.3040641921929291 0.0949433321401315 -0.6188279131323768 -0.2978568113043972 0.6549472284260477 -0.3152419100704137
0.2655187040301755 0.29400380482538174 0.06493666427651716 -0.05317560798556871 0.6822797703778444 0.056657140053172565 0.7269502308476945
0.3069285846745349 0.26543013152837786 0.06493666427651956 -0.5200454858231928 0.4448438186910016 0.5540940862335666 0.473968789318786
0.33550225796971767 0.306840012170239 0.06493666427651716 -0.6822797703778444 -0.05317560798556871 0.7269502308476945 -0.056657140053172565
0.2940923773253583 0.3354136854672429 0.06493666427651956 0.4448438186910016 0.5200454858231928 -0.473968789318786 0.5540940862335666
0.2927759390541246 0.32737796257203544 0.07099666899118028 0.34577376887576694 0.6154460447976028 -0.346928275536217 0.6175009622129359
0.3082450229457686 0.2734658544235853 0.07099666899118028 -0.6154460447976028 0.34577376887576694 0.6175009622129359 0.346928275536217
0.273554426920985 0.2926873665597654 0.07099666899115932 -0.19068709189963814 0.6796850493220719 0.19132377845619064 0.6819544548634888
0.32746653507890816 0.3081564504358553 0.07099666899115932 -0.6796850493220719 -0.19068709189963817 0.6819544548634889 -0.19132377845619067
0.3019442064146261 0.30190364546446974 0.09508333214278306 -0.683007311379428 -0.2741672482996827 0.6282753464707231 -0.25219718788899725
0.3018595272944381 0.29962931716213975 0.09508333214279885 -0.6768246230758339 0.28909357835158533 0.6225881003756283 0.26592741457923813
0.29958519898290115 0.29971399628252815 0.09508333214278306 -0.27416724829968264 0.683007311379428 0.2521971878889972 0.6282753464707231
0.2996698781030892 0.301988324584858 0.09508333214279885 0.2890935783515853 0.6768246230758339 -0.26592741457923813 0.6225881003756283
0.3203259878194208 0.3358312384748172 0.051016665715040856 -0.5882154497453357 -0.4029093186294866 0.5784922095223117 -0.3962492008375653
0.2806949741804724 0.2650125785208035 0.051016665715040856 -0.4029093186294866 0.5882154497453357 0.3962492008375653 0.5784922095223117
0.26510115102245063 0.32023741531601685 0.05101666571515569 0.13103122145948318 0.7008310448445031 -0.1288652667684818 0.6892462612199548
0.33591981097744256 0.2806064016796039 0.05101666571515569 -0.7008310448445031 0.13103122145948318 0.6892462612199548 0.1288652667684818
0.30312049030850824 0.30416262926377563 0.11494333541838696 -0.6188279131323768 -0.2978568113043972 0.6549472284260477 -0.3152419100704137
0.3045132783571964 0.29777560886232113 0.11494333541795998 -0.648193984694242 0.22696084266874425 0.6860273189403223 0.24020793444190758
0.2981262579562256 0.29638282081365275 0.11494333541838696 -0.2978568113043972 0.6188279131323768 0.3152419100704137 0.6549472284260477
0.2967334699075376 0.3027698412151073 0.11494333541795998 0.22696084266874417 0.6481939846942419 -0.24020793444190752 0.6860273189403222
0.32643684448196253 0.284731448274389 0.0708766689908674 -0.6574667063192892 0.07791574439606441 0.7442362877471321 0.08819872367126809
0.28482002076482993 0.27449554501861884 0.07087666899076653 -0.409804412318807 0.5199939199036149 0.4638886064118698 0.5886204445553719
0.27458411751793066 0.3161123687212317 0.0708766689908674 0.07791574439606441 0.6574667063192892 -0.08819872367126809 0.7442362877471321
0.31620094123506326 0.3263482719770019 0.07087666899076653 -0.5199939199036149 -0.40980441231880693 0.588620444555372 -0.46388860641186974
0.2996698781030892 0.301988324584858 0.10508333005663628 0.2890935783515853 0.6768246230758339 -0.26592741457923813 0.6225881003756283
0.29958519898290115 0.29971399628252815 0.10508333005662049 -0.27416724829968264 0.683007311379428 0.2521971878889972 0.6282753464707231
0.3018595272944381 0.29962931716213975 0.10508333005663628 -0.6768246230758339 0.28909357835158533 0.6225881003756283 0.26592741457923813
0.3019442064146261 0.30190364546446974 0.10508333005662049 -0.683007311379428 -0.2741672482996827 0.6282753464707231 -0.25219718788899725
0.2690195630806647 0.3261390050783535 0.05492999970140148 0.19697492231095293 0.652840623500824 -0.2112814426028433 0.7002572043894378
0.32622757757358745 0.3319128264215877 0.05492999970037108 -0.6009103332453556 -0.322345731468724 0.6445551577981256 -0.34575807923847945
0.27479338442630574 0.268930990574033 0.05492999970037108 -0.322345731468724 0.6009103332453556 0.34575807923847945 0.6445551577981256
0.3320013989192285 0.2747048119172672 0.05492999970140148 -0.652840623500824 0.19697492231095293 0.7002572043894378 0.2112814426028433
0.3077135486734248 0.33076695968502806 0.06912999827621945 -0.6112255344272092 -0.4374966839202823 0.5363174062156432 -0.38387971737649
0.2701654298091764 0.3076249761603532 0.06912999827746716 0.1228448446254028 0.7415585932007591 -0.10778971913181516 0.6506776263623609
0.29330741332646837 0.27007685731059267 0.06912999827621945 -0.4374966839202823 0.6112255344272092 0.38387971737649 0.5363174062156432
0.3308555321907168 0.2932188408352675 0.06912999827746716 -0.7415585932007591 0.1228448446254028 0.6506776263623609 0.10778971913181516
0.29688988760902757 0.28729551743555376 0.09512999881266125 -0.4374966839202823 0.6112255344272092 0.38387971737649 0.5363174062156432
0.31427800614026125 0.29693400579469825 0.09512999881390896 -0.7415585932007591 0.12284484462540286 0.6506776263623609 0.10778971913181522
0.287251399257266 0.30468363595229964 0.09512999881390896 0.1228448446254028 0.7415585932007591 -0.10778971913181516 0.6506776263623609
0.30463951778849974 0.314322124311444 0.09512999881266125 -0.6112255344272093 -0.4374966839202823 0.5363174062156433 -0.38387971737649
0.3163431303373584 0.30050106067735566 0.09098999815237606 -0.700234981171117 0.06834450383392915 0.7072726954159102 0.0690314005297052
0.28518627506016886 0.30111658106964223 0.09098999815237606 0.06834450383392912 0.700234981171117 -0.06903140052970516 0.7072726954159102
0.3010724628974383 0.3163872485115947 0.09098999815237001 -0.5434677663168535 -0.44681404077263276 0.5489298910756042 -0.45130474695789274
0.30045694250008903 0.28523039323540306 0.09098999815237001 -0.4468140407726328 0.5434677663168533 0.4513047469578928 0.5489298910756042
0.2830170570960682 0.280403577967387 0.07295666559319398 -0.27239979515085744 0.6357135240346594 0.28447099806898507 0.6638847175668686
0.32052881152495816 0.2829284845882385 0.07295666559339418 -0.642133084999924 0.25690160429116593 0.670588756529476 0.2682860161792943
0.28049215047493503 0.31791533240738223 0.07295666559339418 0.25690160429116593 0.642133084999924 -0.2682860161792943 0.670588756529476
0.31800390490382496 0.3204402390282337 0.07295666559319398 -0.6357135240346594 -0.27239979515085744 0.6638847175668686 -0.28447099806898507
0.31046760209011265 0.31260797680146973 0.0949566654739847 -0.6357135240346594 -0.2723997951508574 0.6638847175668686 -0.284470998068985
0.29106180330741466 0.28900966494552804 0.0949566654739847 -0.27239979515085744 0.6357135240346594 0.28447099806898507 0.6638847175668686
0.3125638586213227 0.2911059214764565 0.0949566654741849 -0.642133084999924 0.256901604291166 0.670588756529476 0.2682860161792944
0.28896554677620456 0.3105117202705414 0.0949566654741849 0.25690160429116593 0.642133084999924 -0.2682860161792943 0.670588756529476
0.31051590685689084 0.2889435802588531 0.08485666756306787 -0.5907318577343603 0.28172541020789793 0.6824500813653237 0.32546666794829615
0.312629943307968 0.3105600250381693 0.08485666756230795 -0.616920449170107 -0.21850055724160483 0.7127047675487265 -0.2524253953035973
0.29101349854063646 0.3126740614881447 0.08485666756306787 0.2817254102078979 0.5907318577343602 -0.32546666794829604 0.6824500813653236
0.28889946208955924 0.29105761670882857 0.08485666756230795 -0.21850055724160478 0.616920449170107 0.2524253953035973 0.7127047675487265
0.29845848848996476 0.30265889593675194 0.11485666875516076 0.2817254102078979 0.5907318577343602 -0.32546666794829604 0.6824500813653236
0.2982372032397706 0.2981078393897687 0.11485666875440084 -0.21850055724160478 0.616920449170107 0.2524253953035973 0.7127047675487265
0.30300954502496324 0.3024376106876597 0.11485666875440084 -0.616920449170107 -0.21850055724160483 0.7127047675487265 -0.2524253953035973
0.3027882597747692 0.2978865541406765 0.11485666875516076 -0.5907318577343603 0.28172541020789793 0.6824500813653237 0.32546666794829615
0.3020145143081133 0.3110190753891887 0.09299000220548585 -0.5434677663168535 -0.44681404077263276 0.5489298910756042 -0.45130474695789274
0.299514891089414 0.29059856635780906 0.09299000220548585 -0.4468140407726328 0.5434677663168533 0.4513047469578928 0.5489298910756042
0.29055444818257486 0.3020586324803173 0.0929900022054919 0.06834450383392912 0.700234981171117 -0.06903140052970516 0.7072726954159102
0.3109749572149524 0.2995590092666806 0.0929900022054919 -0.700234981171117 0.06834450383392915 0.7072726954159102 0.0690314005297052
0.3140758590570697 0.29914496560174836 0.10898999737751568 -0.700234981171117 0.06834450383392915 0.7072726954159102 0.0690314005297052
0.28745354634045756 0.30247267614524953 0.10898999737751568 0.06834450383392912 0.700234981171117 -0.06903140052970516 0.7072726954159102
0.3024285579730456 0.314119977231306 0.10898999737750963 -0.5434677663168535 -0.44681404077263276 0.5489298910756042 -0.45130474695789274
0.29910084742448173 0.28749766451569175 0.10898999737750963 -0.4468140407726328 0.5434677663168533 0.4513047469578928 0.5489298910756042
0.28020031672238505 0.3021138263813793 0.07698999958288753 0.06834450383392912 0.700234981171117 -0.06903140052970516 0.7072726954159102
0.30220239888604683 0.320732072774873 0.07698999958288148 -0.5434677663168533 -0.4468140407726328 0.5489298910756042 -0.4513047469578928
0.32082064527750814 0.29872999061424144 0.07698999958288753 -0.700234981171117 0.06834450383392912 0.7072726954159102 0.06903140052970516
0.29881856311384636 0.28011174422074775 0.07698999958288148 -0.4468140407726328 0.5434677663168533 0.4513047469578928 0.5489298910756042
0.30511901305943595 0.31702249512968406 0.11113000143526562 -0.6112255344272093 -0.4374966839202823 0.5363174062156433 -0.38387971737649
0.3173731442268892 0.2957770861225805 0.11113000143651333 -0.7415585932007591 0.12284484462540286 0.6506776263623609 0.10778971913181522
0.296127735205298 0.2835229549477444 0.11113000143526562 -0.4374966839202823 0.6112255344272092 0.38387971737649 0.5363174062156432
0.2838736040378446 0.30476836395484785 0.11113000143651333 0.1228448446254028 0.7415585932007591 -0.10778971913181516 0.6506776263623609
0.31137065118353174 0.3120539588418501 0.09508333214278306 -0.683007311379428 -0.2741672482996827 0.6282753464707231 -0.25219718788899725
0.28951956472570883 0.31141476935376367 0.09508333214279885 0.2890935783515853 0.6768246230758339 -0.26592741457923813 0.6225881003756283
0.2901587542139955 0.2895636829051478 0.09508333214278306 -0.27416724829968264 0.683007311379428 0.2521971878889972 0.6282753464707231
0.3120098406718185 0.2902028723932341 0.09508333214279885 -0.6768246230758339 0.28909357835158533 0.6225881003756283 0.26592741457923813
0.2694666929873506 0.2749557422977224 0.05485666637021505 0.616920449170107 0.21850055724160486 0.7127047675487265 -0.25242539530359726
0.32597664719349134 0.26937812047977294 0.05485666637097497 0.2817254102078979 0.5907318577343603 0.32546666794829615 -0.6824500813653237
0.27504431480640185 0.3314656965158478 0.05485666637097497 0.5907318577343603 -0.2817254102078979 0.6824500813653237 0.32546666794829615
0.3315542690125426 0.3258880746978983 0.05485666637021505 -0.21850055724160486 0.616920449170107 -0.25242539530359726 -0.7127047675487265
0.2768100237887055 0.2695328813620636 0.05494333303420117 0.6188279131323768 0.29785681130439723 0.6549472284260477 -0.31524191007041363
0.3313995081354614 0.2767214512863175 0.05494333303377419 0.22696084266874417 0.648193984694242 0.2402079344419076 -0.6860273189403223
0.2696214538644318 0.32412236570930325 0.05494333303377419 0.648193984694242 -0.22696084266874417 0.6860273189403223 0.2402079344419076
0.3242109382111877 0.3313109356335571 0.05494333303420117 -0.29785681130439723 0.6188279131323768 -0.31524191007041363 -0.6549472284260477
0.32614532739982083 0.2766254126125305 0.064956664282092 0.2569016042911659 0.642133084999924 0.2682860161792944 -0.670588756529476
0.27487563460007236 0.32421840438309024 0.064956664282092 0.642133084999924 -0.2569016042911659 0.670588756529476 0.2682860161792944
0.32430697687953297 0.3260567549030964 0.0649566642818918 -0.2723997951508575 0.6357135240346594 -0.284470998068985 -0.6638847175668686
0.2767139851203602 0.27478706209252435 0.0649566642818918 0.6357135240346594 0.2723997951508575 0.6638847175668686 -0.284470998068985
0.32023723971212403 0.27079380004863923 0.06287000101913963 0.30968515986852935 0.5823187311838222 0.35293927406768927 -0.6636519162107795
0.28078372228776916 0.3300500169469815 0.06287000101913963 0.5823187311838222 -0.30968515986852935 0.6636519162107795 0.35293927406768927
0.27088237255029396 0.28069514978641313 0.06287000101885798 0.6307420002933433 0.19278104641136384 0.7188385244192531 -0.21970701632228934
0.33013858944959923 0.3201486672092076 0.06287000101885798 -0.19278104641136384 0.6307420002933433 -0.21970701632228934 -0.7188385244192531
0.28937302912373425 0.26101275288951037 0.050889999048505746 0.5414982942057375 0.38958901224535164 0.6047328746439555 -0.4350840714561106
0.33991963661448077 0.28928445664007946 0.05088999904883701 0.10741607743602276 0.6583781493670048 0.11995981138993662 -0.735261614934186
0.2611013253854124 0.31155936035554127 0.05088999904883701 0.6583781493670048 -0.10741607743602276 0.735261614934186 0.11995981138993662
0.31164793287615894 0.33983106410611036 0.050889999048505746 -0.38958901224535164 0.5414982942057375 -0.4350840714561106 -0.6047328746439555
0.26470233999951764 0.31636927637498097 0.0548899997044881 0.6583781493670048 -0.10741607743602276 0.735261614934186 0.11995981138993662
0.33631862200037554 0.28447454062063976 0.0548899997044881 0.10741607743602276 0.6583781493670048 0.11995981138993662 -0.735261614934186
0.28456311310429455 0.2646137675036156 0.05488999970415684 0.5414982942057375 0.38958901224535164 0.6047328746439555 -0.4350840714561106
0.31645784889559864 0.33623004949200513 0.05488999970415684 -0.38958901224535164 0.5414982942057375 -0.4350840714561106 -0.6047328746439555
0.27587210505142734 0.3213639081424744 0.06895666493774309 0.642133084999924 -0.2569016042911659 0.670588756529476 0.2682860161792944
0.3214524806389171 0.3250602844517414 0.06895666493754289 -0.2723997951508575 0.6357135240346594 -0.284470998068985 -0.6638847175668686
0.32514885694846585 0.27947990885314633 0.06895666493774309 0.2569016042911659 0.642133084999924 0.2682860161792944 -0.670588756529476
0.27956848136097606 0.27578353254387933 0.06895666493754289 0.6357135240346594 0.2723997951508575 0.6638847175668686 -0.284470998068985
0.28220592212320617 0.27042715385916716 0.06301666768199413 0.5882154497453357 0.40290931862948665 0.5784922095223117 -0.39624920083756526
0.3305052356390789 0.28211734962233764 0.06301666768210896 0.13103122145948312 0.7008310448445031 0.12886526676848187 -0.6892462612199548
0.318815039876687 0.33041666313645357 0.06301666768199413 -0.40290931862948665 0.5882154497453357 -0.39624920083756526 -0.5784922095223117
0.2705157263608143 0.3187264673732831 0.06301666768210896 0.7008310448445031 -0.13103122145948312 0.6892462612199548 0.12886526676848187
0.27362117442764994 0.31395317244132687 0.07104333565733098 0.6956395934461829 -0.1942993113856703 0.6661209187313175 0.18605444163907853
0.2869792170622581 0.27353260192196827 0.07104333565704972 0.6292818333293618 0.3545011149149251 0.6025789748389849 -0.3394582637787899
0.32739978757224325 0.28689064455429386 0.07104333565733098 0.1942993113856703 0.6956395934461829 0.18605444163907853 -0.6661209187313175
0.3140417449376351 0.32731121507365246 0.07104333565704972 -0.3545011149149251 0.6292818333293618 -0.3394582637787899 -0.6025789748389849
0.312613539092743 0.2910585953885048 0.10495666338802233 0.25690160429116593 0.642133084999924 0.26828601617929443 -0.670588756529476
0.3105149281780643 0.31265765727289 0.10495666338782213 -0.2723997951508575 0.6357135240346595 -0.284470998068985 -0.6638847175668687
0.291014477219463 0.28895998447410776 0.10495666338782213 0.6357135240346594 0.2723997951508575 0.6638847175668686 -0.284470998068985
0.2889158663047843 0.3105590463584931 0.10495666338802233 0.642133084999924 -0.2569016042911659 0.670588756529476 0.2682860161792944
0.2812217997955681 0.3323696009538666 0.06085666735445161 0.5907318577343603 -0.2817254102078979 0.6824500813653237 0.32546666794829615
0.2685627885493318 0.28113322728688867 0.06085666735369169 0.616920449170107 0.21850055724160486 0.7127047675487265 -0.25242539530359726
0.3324581734505614 0.31971058970873206 0.06085666735369169 -0.21850055724160486 0.616920449170107 -0.25242539530359726 -0.7127047675487265
0.3197991622043251 0.26847421604175414 0.06085666735445161 0.2817254102078979 0.5907318577343603 0.32546666794829615 -0.6824500813653237
0.33385055016222115 0.3195259470197939 0.056996666696380496 -0.1906870918996382 0.6796850493220719 -0.1913237784561906 -0.6819544548634889
0.281406442470186 0.33376197765534843 0.05699666669640145 0.6154460447976028 -0.3457737688757669 0.6175009622129359 0.3469282755362171
0.26717041183767204 0.2813178699758268 0.056996666696380496 0.6796850493220719 0.19068709189963817 0.6819544548634888 -0.19132377845619059
0.3196145195297072 0.2670818393402723 0.05699666669640145 0.3457737688757669 0.6154460447976028 0.3469282755362171 -0.6175009622129359
0.2771301901381165 0.2736811262198517 0.0649433309480386 0.6188279131323768 0.29785681130439723 0.6549472284260477 -0.31524191007041363
0.2737696987222199 0.32380219935989224 0.06494333094761162 0.648193984694242 -0.22696084266874417 0.6860273189403223 0.2402079344419076
0.3272512632776733 0.2770416176357285 0.06494333094761162 0.22696084266874417 0.648193984694242 0.2402079344419076 -0.6860273189403223
0.32389077186177667 0.32716269077576904 0.0649433309480386 -0.29785681130439723 0.6188279131323768 -0.31524191007041363 -0.6549472284260477
0.3297151975003203 0.31815863377039283 0.06485666428405248 -0.21850055724160486 0.616920449170107 -0.25242539530359726 -0.7127047675487265
0.28277375573390734 0.3296266250036255 0.0648566642848124 0.5907318577343603 -0.2817254102078979 0.6824500813653237 0.32546666794829615
0.2713057644995729 0.2826851832252279 0.06485666428405248 0.616920449170107 0.21850055724160486 0.7127047675487265 -0.25242539530359726
0.31824720626598585 0.27121719199199523 0.0648566642848124 0.2817254102078979 0.5907318577343603 0.32546666794829615 -0.6824500813653237
0.27418738400287435 0.27400555121627546 0.06093000068384772 0.6009103332453556 0.32234573146872403 0.6445551577981256 -0.3457580792384794
0.32692683827698604 0.2740988114938358 0.06093000068487812 0.1969749223109529 0.652840623500824 0.21128144260284334 -0.7002572043894378
0.27409412372290715 0.3267450055017849 0.06093000068487812 0.652840623500824 -0.1969749223109529 0.7002572043894378 0.21128144260284334
0.32683357799701884 0.32683826577934527 0.06093000068384772 -0.32234573146872403 0.6009103332453556 -0.3457580792384794 -0.6445551577981256
0.29897970662051954 0.33573982068745306 0.06305000101697612 0.5602237913783628 -0.45950985345499884 0.5328791157578364 0.43708105214086396
0.26519256881164777 0.29889113411168644 0.06305000101713276 0.7210605750651635 0.07121551104639705 0.6858654119241533 -0.06773946264333625
0.30204125537937365 0.26510399630816767 0.06305000101697612 0.45950985345499884 0.5602237913783628 0.43708105214086396 -0.5328791157578364
0.3358283931882454 0.3019526828839343 0.06305000101713276 -0.07121551104639705 0.7210605750651635 -0.06773946264333625 -0.6858654119241533
0.2776684564196971 0.3286737292519713 0.06107000069233331 0.6845736023039355 -0.257602380556855 0.6382190022747785 0.24015932564745587
0.32335250558019607 0.2721700877436494 0.06107000069233331 0.257602380556855 0.6845736023039355 0.24015932564745585 -0.6382190022747785
0.27225866025677675 0.27757988390785965 0.06107000069163731 0.6662190240915866 0.3019142511217425 0.6211072703087871 -0.2814707012774486
0.32876230174311644 0.3232639330877611 0.06107000069163731 -0.3019142511217425 0.6662190240915866 -0.2814707012774486 -0.6211072703087871
0.2993964230428067 0.33578044735843215 0.06490999761123135 0.5489597528075435 -0.3919734525526585 0.6008043379286458 0.4289920160300787
0.2651519421419402 0.29930785053310877 0.06490999761102238 0.665340249674219 0.1110060798674416 0.7281759846604274 -0.121489661122781
0.335869019857953 0.30153596646251196 0.06490999761102238 -0.1110060798674416 0.665340249674219 -0.121489661122781 -0.7281759846604274
0.30162453895708646 0.2650633696371886 0.06490999761123135 0.3919734525526585 0.5489597528075435 0.4289920160300787 -0.6008043379286458
0.26915035892782097 0.2853508394506193 0.06299666767985714 0.6796850493220719 0.19068709189963817 0.6819544548634888 -0.19132377845619059
0.3318706030720722 0.31549297754500144 0.06299666767985714 -0.1906870918996382 0.6796850493220719 -0.1913237784561906 -0.6819544548634889
0.28543941194497846 0.3317820305651995 0.06299666767987809 0.6154460447976028 -0.3457737688757669 0.6175009622129359 0.3469282755362171
0.31558155005491473 0.2690617864304212 0.06299666767987809 0.3457737688757669 0.6154460447976028 0.3469282755362171 -0.6175009622129359
0.3196145493320296 0.26508186508947884 0.05099666571292481 0.3457737688757669 0.6154460447976028 0.3469282755362171 -0.6175009622129359
0.3358505244130146 0.3195259768221163 0.05099666571290386 -0.1906870918996382 0.6796850493220719 -0.1913237784561906 -0.6819544548634889
0.2651704375868786 0.2813178401735044 0.05099666571290386 0.6796850493220719 0.19068709189963817 0.6819544548634888 -0.19132377845619059
0.2814064126678636 0.3357619519061419 0.05099666571292481 0.6154460447976028 -0.3457737688757669 0.6175009622129359 0.3469282755362171
0.3336219574367516 0.316490708887915 0.06302333434827653 -0.13226976672058838 0.7029732401097976 -0.12921865314570583 -0.6867575060968929
0.2673990045631416 0.28435310810770575 0.06302333434827653 0.7029732401097976 0.13226976672058838 0.6867575060968929 -0.12921865314570583
0.2844416806193757 0.3335333849383424 0.06302333434797244 0.5906059918864218 -0.40354829908525025 0.5769822735860837 0.39423950667163116
0.3165792813805175 0.26731043205727834 0.06302333434797244 0.40354829908525025 0.5906059918864218 0.39423950667163116 -0.5769822735860837
0.2935755752528333 0.33133261504411665 0.0709366689852865 0.5200454858231928 -0.44484381869100154 0.5540940862335666 0.47396878931878605
0.33142118754659144 0.307356814242764 0.0709366689852841 -0.05317560798556875 0.6822797703778444 -0.056657140053172524 -0.7269502308476945
0.26959977445330174 0.2934870027528567 0.0709366689852841 0.6822797703778444 0.05317560798556875 0.7269502308476945 -0.056657140053172524
0.3074453867470599 0.2695112019515041 0.0709366689852865 0.44484381869100154 0.5200454858231928 0.47396878931878605 -0.5540940862335666
0.33594091102169304 0.2846608586288379 0.057016666698632326 0.13103122145948312 0.7008310448445031 0.12886526676848187 -0.6892462612199548
0.2847494311297064 0.264991478476553 0.057016666698517494 0.5882154497453357 0.40290931862948665 0.5784922095223117 -0.39624920083756526
0.3162715308701868 0.3358523385190677 0.057016666698517494 -0.40290931862948665 0.5882154497453357 -0.39624920083756526 -0.5784922095223117
0.26508005097820014 0.31618295836678284 0.057016666698632326 0.7008310448445031 -0.13103122145948312 0.6892462612199548 0.12886526676848187
0.2834223992922538 0.26926407489102344 0.06504333094828278 0.6292818333293618 0.3545011149149251 0.6025789748389849 -0.3394582637787899
0.3316683146031881 0.2833338267842896 0.06504333094856404 0.1942993113856703 0.6956395934461829 0.18605444163907853 -0.6661209187313175
0.31759856270763936 0.3315797421045973 0.06504333094828278 -0.3545011149149251 0.6292818333293618 -0.3394582637787899 -0.6025789748389849
0.2693526473967051 0.31750999021133114 0.06504333094856404 0.6956395934461829 -0.1942993113856703 0.6661209187313175 0.18605444163907853
0.325408550447984 0.26802133768747677 0.054843333034718104 0.253611283226268 0.5977859009637061 0.2970113510668588 -0.7000839885090754
0.2681099101894956 0.2755238390496835 0.054843333035642185 0.6020287227397851 0.2433682062821819 0.7050528758432967 -0.2850153950796226
0.2756124115519092 0.33282247930814396 0.054843333034718104 0.5977859009637061 -0.253611283226268 0.7000839885090754 0.2970113510668588
0.3329110518103976 0.3253199779459372 0.054843333035642185 -0.2433682062821819 0.6020287227397851 -0.2850153950796226 -0.7050528758432967
0.28807171458476794 0.3246779195688263 0.07085666899357934 0.5907318577343603 -0.2817254102078979 0.6824500813653237 0.32546666794829615
0.2762544699343721 0.2879831420760885 0.07085666899281942 0.616920449170107 0.21850055724160486 0.7127047675487265 -0.25242539530359726
0.3247664920655211 0.31286067491953223 0.07085666899281942 -0.21850055724160486 0.616920449170107 -0.25242539530359726 -0.7127047675487265
0.31294924741512525 0.2761658974267944 0.07085666899357934 0.2817254102078979 0.5907318577343603 0.32546666794829615 -0.6824500813653237
0.2649800076433927 0.2783932807948271 0.050983332378366227 0.6661893134861024 0.21876577569900285 0.6773865576441607 -0.2224427690502067
0.3225391086927622 0.26489143513376967 0.05098333237845809 0.3163762217129313 0.6257577425816269 0.3216938418593374 -0.6362754168153727
0.278481853307131 0.33595238186185106 0.05098333237845809 0.6257577425816269 -0.3163762217129313 0.6362754168153727 0.3216938418593374
0.3360409543565005 0.3224505362007936 0.050983332378366227 -0.21876577569900285 0.6661893134861024 -0.2224427690502067 -0.6773865576441607
0.3297665479885049 0.27412833562431027 0.060956667351731206 0.2569016042911659 0.642133084999924 0.2682860161792944 -0.670588756529476
0.3268040538677532 0.32967797549178046 0.060956667351531005 -0.2723997951508575 0.6357135240346594 -0.284470998068985 -0.6638847175668686
0.2712544140113883 0.32671548137131046 0.060956667351731206 0.642133084999924 -0.2569016042911659 0.670588756529476 0.2682860161792944
0.27421690813214 0.27116584150384027 0.060956667351531005 0.6357135240346594 0.2723997951508575 0.6638847175668686 -0.284470998068985
0.2971909444996049 0.3224126572436663 0.07499666964683137 0.6154460447976028 -0.3457737688757669 0.6175009622129359 0.3469282755362171
0.30383001750028826 0.2784311597519544 0.07499666964683137 0.3457737688757669 0.6154460447976028 0.3469282755362171 -0.6175009622129359
0.27851973224935417 0.29710237200524575 0.07499666964681041 0.6796850493220719 0.19068709189963817 0.6819544548634888 -0.19132377845619059
0.322501229750539 0.303741444990375 0.07499666964681041 -0.1906870918996382 0.6796850493220719 -0.1913237784561906 -0.6819544548634889
0.3040200740179618 0.2983297410557846 0.09494333213970452 0.22696084266874417 0.6481939846942419 0.24020793444190758 -0.6860273189403222
0.2982856228813011 0.2975534495540688 0.0949433321401315 0.6188279131323768 0.29785681130439723 0.6549472284260477 -0.31524191007041363
0.2975093313795655 0.3032879006912132 0.09494333213970452 0.648193984694242 -0.22696084266874417 0.6860273189403223 0.2402079344419076
0.30324378251622613 0.3040641921929291 0.0949433321401315 -0.29785681130439723 0.6188279131323768 -0.31524191007041363 -0.6549472284260477
0.2655187040301755 0.29400380482538174 0.06493666427651716 0.6822797703778444 0.05317560798556875 0.7269502308476945 -0.056657140053172524
0.3069285846745349 0.26543013152837786 0.06493666427651956 0.44484381869100154 0.5200454858231928 0.47396878931878605 -0.5540940862335666
0.33550225796971767 0.306840012170239 0.06493666427651716 -0.05317560798556875 0.6822797703778444 -0.056657140053172524 -0.7269502308476945
0.2940923773253583 0.3354136854672429 0.06493666427651956 0.5200454858231928 -0.44484381869100154 0.5540940862335666 0.47396878931878605
0.2927759390541246 0.32737796257203544 0.07099666899118028 0.6154460447976028 -0.3457737688757669 0.6175009622129359 0.3469282755362171
0.3082450229457686 0.2734658544235853 0.07099666899118028 0.3457737688757669 0.6154460447976028 0.3469282755362171 -0.6175009622129359
0.273554426920985 0.2926873665597654 0.07099666899115932 0.6796850493220719 0.19068709189963817 0.6819544548634888 -0.19132377845619059
0.32746653507890816 0.3081564504358553 0.07099666899115932 -0.1906870918996382 0.6796850493220719 -0.1913237784561906 -0.6819544548634889
0.3019442064146261 0.30190364546446974 0.09508333214278306 -0.27416724829968275 0.683007311379428 -0.2521971878889972 -0.6282753464707231
0.3018595272944381 0.29962931716213975 0.09508333214279885 0.2890935783515853 0.6768246230758339 0.2659274145792382 -0.6225881003756283
0.29958519898290115 0.29971399628252815 0.09508333214278306 0.683007311379428 0.2741672482996827 0.6282753464707231 -0.25219718788899714
0.2996698781030892 0.301988324584858 0.09508333214279885 0.6768246230758339 -0.2890935783515852 0.6225881003756283 0.2659274145792382
0.3203259878194208 0.3358312384748172 0.051016665715040856 -0.40290931862948665 0.5882154497453357 -0.39624920083756526 -0.5784922095223117
0.2806949741804724 0.2650125785208035 0.051016665715040856 0.5882154497453357 0.40290931862948665 0.5784922095223117 -0.39624920083756526
0.26510115102245063 0.32023741531601685 0.05101666571515569 0.7008310448445031 -0.13103122145948312 0.6892462612199548 0.12886526676848187
0.33591981097744256 0.2806064016796039 0.05101666571515569 0.13103122145948312 0.7008310448445031 0.12886526676848187 -0.6892462612199548
0.30312049030850824 0.30416262926377563 0.11494333541838696 -0.29785681130439723 0.6188279131323768 -0.31524191007041363 -0.6549472284260477
0.3045132783571964 0.29777560886232113 0.11494333541795998 0.22696084266874417 0.6481939846942419 0.24020793444190758 -0.6860273189403222
0.2981262579562256 0.29638282081365275 0.11494333541838696 0.6188279131323768 0.29785681130439723 0.6549472284260477 -0.31524191007041363
0.2967334699075376 0.3027698412151073 0.11494333541795998 0.648193984694242 -0.22696084266874417 0.6860273189403223 0.2402079344419076
0.32643684448196253 0.284731448274389 0.0708766689908674 0.07791574439606437 0.6574667063192892 0.08819872367126813 -0.7442362877471321
0.28482002076482993 0.27449554501861884 0.07087666899076653 0.5199939199036149 0.40980441231880704 0.5886204445553719 -0.46388860641186974
0.27458411751793066 0.3161123687212317 0.0708766689908674 0.6574667063192892 -0.07791574439606437 0.7442362877471321 0.08819872367126813
0.31620094123506326 0.3263482719770019 0.07087666899076653 -0.409804412318807 0.5199939199036149 -0.4638886064118697 -0.588620444555372
0.2996698781030892 0.301988324584858 0.10508333005663628 0.6768246230758339 -0.2890935783515852 0.6225881003756283 0.2659274145792382
0.29958519898290115 0.29971399628252815 0.10508333005662049 0.683007311379428 0.2741672482996827 0.6282753464707231 -0.25219718788899714
0.3018595272944381 0.29962931716213975 0.10508333005663628 0.2890935783515853 0.6768246230758339 0.2659274145792382 -0.6225881003756283
0.3019442064146261 0.30190364546446974 0.10508333005662049 -0.27416724829968275 0.683007311379428 -0.2521971878889972 -0.6282753464707231
0.2690195630806647 0.3261390050783535 0.05492999970140148 0.652840623500824 -0.1969749223109529 0.7002572043894378 0.21128144260284334
0.32622757757358745 0.3319128264215877 0.05492999970037108 -0.32234573146872403 0.6009103332453556 -0.3457580792384794 -0.6445551577981256
0.27479338442630574 0.268930990574033 0.05492999970037108 0.6009103332453556 0.32234573146872403 0.6445551577981256 -0.3457580792384794
0.3320013989192285 0.2747048119172672 0.05492999970140148 0.1969749223109529 0.652840623500824 0.21128144260284334 -0.7002572043894378
0.3077135486734248 0.33076695968502806 0.06912999827621945 -0.43749668392028235 0.6112255344272092 -0.38387971737648996 -0.5363174062156432
0.2701654298091764 0.3076249761603532 0.06912999827746716 0.7415585932007591 -0.12284484462540275 0.6506776263623609 0.1077897191318152
0.29330741332646837 0.27007685731059267 0.06912999827621945 0.6112255344272092 0.43749668392028235 0.5363174062156432 -0.38387971737648996
0.3308555321907168 0.2932188408352675 0.06912999827746716 0.12284484462540275 0.7415585932007591 0.1077897191318152 -0.6506776263623609
0.29688988760902757 0.28729551743555376 0.09512999881266125 0.6112255344272092 0.43749668392028235 0.5363174062156432 -0.38387971737648996
0.31427800614026125 0.29693400579469825 0.09512999881390896 0.12284484462540282 0.7415585932007591 0.10778971913181526 -0.6506776263623609
0.287251399257266 0.30468363595229964 0.09512999881390896 0.7415585932007591 -0.12284484462540275 0.6506776263623609 0.1077897191318152
0.30463951778849974 0.314322124311444 0.09512999881266125 -0.43749668392028235 0.6112255344272093 -0.38387971737648996 -0.5363174062156433
0.3163431303373584 0.30050106067735566 0.09098999815237606 0.06834450383392911 0.700234981171117 0.06903140052970524 -0.7072726954159102
0.28518627506016886 0.30111658106964223 0.09098999815237606 0.700234981171117 -0.06834450383392908 0.7072726954159102 0.0690314005297052
0.3010724628974383 0.3163872485115947 0.09098999815237001 -0.4468140407726327 0.5434677663168533 -0.4513047469578926 -0.5489298910756041
0.30045694250008903 0.28523039323540306 0.09098999815237001 0.5434677663168533 0.44681404077263287 0.5489298910756042 -0.45130474695789274
0.2830170570960682 0.280403577967387 0.07295666559319398 0.6357135240346594 0.2723997951508575 0.6638847175668686 -0.284470998068985
0.32052881152495816 0.2829284845882385 0.07295666559339418 0.2569016042911659 0.642133084999924 0.2682860161792944 -0.670588756529476
0.28049215047493503 0.31791533240738223 0.07295666559339418 0.642133084999924 -0.2569016042911659 0.670588756529476 0.2682860161792944
0.31800390490382496 0.3204402390282337 0.07295666559319398 -0.2723997951508575 0.6357135240346594 -0.284470998068985 -0.6638847175668686
0.31046760209011265 0.31260797680146973 0.0949566654739847 -0.2723997951508575 0.6357135240346595 -0.284470998068985 -0.6638847175668687
0.29106180330741466 0.28900966494552804 0.0949566654739847 0.6357135240346594 0.2723997951508575 0.6638847175668686 -0.284470998068985
0.3125638586213227 0.2911059214764565 0.0949566654741849 0.25690160429116593 0.642133084999924 0.26828601617929443 -0.670588756529476
0.28896554677620456 0.3105117202705414 0.0949566654741849 0.642133084999924 -0.2569016042911659 0.670588756529476 0.2682860161792944
0.31051590685689084 0.2889435802588531 0.08485666756306787 0.2817254102078978 0.5907318577343602 0.32546666794829615 -0.6824500813653236
0.312629943307968 0.3105600250381693 0.08485666756230795 -0.21850055724160486 0.616920449170107 -0.25242539530359726 -0.7127047675487265
0.29101349854063646 0.3126740614881447 0.08485666756306787 0.5907318577343603 -0.2817254102078979 0.6824500813653237 0.32546666794829615
0.28889946208955924 0.29105761670882857 0.08485666756230795 0.616920449170107 0.2185005572416048 0.7127047675487265 -0.25242539530359726
0.29845848848996476 0.30265889593675194 0.11485666875516076 0.5907318577343603 -0.2817254102078979 0.6824500813653237 0.32546666794829615
0.2982372032397706 0.2981078393897687 0.11485666875440084 0.616920449170107 0.2185005572416048 0.7127047675487265 -0.25242539530359726
0.30300954502496324 0.3024376106876597 0.11485666875440084 -0.21850055724160486 0.616920449170107 -0.25242539530359726 -0.7127047675487265
0.3027882597747692 0.2978865541406765 0.11485666875516076 0.2817254102078978 0.5907318577343602 0.32546666794829615 -0.6824500813653236
0.3020145143081133 0.3110190753891887 0.09299000220548585 -0.4468140407726327 0.5434677663168533 -0.4513047469578926 -0.5489298910756041
0.299514891089414 0.29059856635780906 0.09299000220548585 0.5434677663168533 0.44681404077263287 0.5489298910756042 -0.45130474695789274
0.29055444818257486 0.3020586324803173 0.0929900022054919 0.700234981171117 -0.06834450383392908 0.7072726954159102 0.0690314005297052
0.3109749572149524 0.2995590092666806 0.0929900022054919 0.06834450383392911 0.700234981171117 0.06903140052970524 -0.7072726954159102
0.3140758590570697 0.29914496560174836 0.10898999737751568 0.06834450383392911 0.700234981171117 0.06903140052970524 -0.7072726954159102
0.28745354634045756 0.30247267614524953 0.10898999737751568 0.700234981171117 -0.06834450383392908 0.7072726954159102 0.0690314005297052
0.3024285579730456 0.314119977231306 0.10898999737750963 -0.4468140407726327 0.5434677663168533 -0.4513047469578926 -0.5489298910756041
0.29910084742448173 0.28749766451569175 0.10898999737750963 0.5434677663168533 0.44681404077263287 0.5489298910756042 -0.45130474695789274
0.28020031672238505 0.3021138263813793 0.07698999958288753 0.700234981171117 -0.06834450383392908 0.7072726954159102 0.0690314005297052
0.30220239888604683 0.320732072774873 0.07698999958288148 -0.44681404077263287 0.5434677663168533 -0.45130474695789274 -0.5489298910756042
0.32082064527750814 0.29872999061424144 0.07698999958288753 0.06834450383392908 0.700234981171117 0.0690314005297052 -0.7072726954159102
0.29881856311384636 0.28011174422074775 0.07698999958288148 0.5434677663168533 0.44681404077263287 0.5489298910756042 -0.45130474695789274
0.30511901305943595 0.31702249512968406 0.11113000143526562 -0.43749668392028235 0.6112255344272093 -0.38387971737648996 -0.5363174062156433
0.3173731442268892 0.2957770861225805 0.11113000143651333 0.12284484462540282 0.7415585932007591 0.10778971913181526 -0.6506776263623609
0.296127735205298 0.2835229549477444 0.11113000143526562 0.6112255344272092 0.43749668392028235 0.5363174062156432 -0.38387971737648996
0.2838736040378446 0.30476836395484785 0.11113000143651333 0.7415585932007591 -0.12284484462540275 0.6506776263623609 0.1077897191318152
0.31137065118353174 0.3120539588418501 0.09508333214278306 -0.27416724829968275 0.683007311379428 -0.2521971878889972 -0.6282753464707231
0.28951956472570883 0.31141476935376367 0.09508333214279885 0.6768246230758339 -0.2890935783515852 0.6225881003756283 0.2659274145792382
0.2901587542139955 0.2895636829051478 0.09508333214278306 0.683007311379428 0.2741672482996827 0.6282753464707231 -0.25219718788899714
0.3120098406718185 0.2902028723932341 0.09508333214279885 0.2890935783515853 0.6768246230758339 0.2659274145792382 -0.6225881003756283
