0.0005476497634546319 0.30871034987020374 0.17508999702355313 -0.5388841275444328 -0.5045828960372719 0.49238275912147905 -0.46104144784090173
-0.0014931042670335267 0.2895078326719036 0.17508999702355313 -0.5045828960372719 0.5388841275444328 0.46104144784090173 0.49238275912147905
0.009128531347190176 0.2980887142535337 0.17508999702378136 -0.7378426083671986 0.02425463429303667 0.6741727219818747 0.02216165446778804
-0.010073985850769034 0.3001294682885736 0.17508999702378136 0.024254634293036714 0.7378426083671986 -0.022161654467788082 0.6741727219818747
0.0007838985937879844 0.3122999203925121 0.18108999428173947 -0.5388841275444328 -0.5045828960372719 0.49238275912147905 -0.46104144784090173
-0.0017293530973668788 0.28591826214959526 0.18108999428173947 -0.5045828960372719 0.5388841275444328 0.46104144784090173 0.49238275912147905
0.012718101869498526 0.2978524654232004 0.1810899942819677 -0.7378426083671986 0.02425463429303667 0.6741727219818747 0.02216165446778804
-0.013663556373077384 0.30036571711890697 0.1810899942819677 0.024254634293036714 0.7378426083671986 -0.022161654467788082 0.6741727219818747
-0.001949852040395508 0.2906455888874092 0.17486333035265547 -0.42886514663548025 0.4977362277805259 0.49209398731109466 0.5711189378828271
-0.0089362296354693 0.3005862160602104 0.17486333035349955 0.048699209877544405 0.6552061155263992 -0.0558790772735772 0.751805069055246
0.001004397536816613 0.30757259365469813 0.17486333035265547 -0.497736227780526 -0.42886514663548037 0.5711189378828272 -0.49209398731109477
0.007990775131890443 0.29763196648189694 0.17486333035349955 -0.6552061155263992 0.04869920987754437 0.751805069055246 0.05587907727357716
0.007264748979305177 0.29937405342909634 0.1749499970195854 -0.6888038322216019 -0.023436736668234547 0.7241497776377911 -0.024639392003798048
-0.0007376894146221436 0.3068465675018212 0.17494999701957076 0.47048558429694753 0.5036301369757978 -0.4946285356424272 0.5294739009873172
-0.00020776508895675144 0.29137161504028614 0.17494999701957076 -0.5036301369757978 0.47048558429694753 0.5294739009873172 0.4946285356424272
-0.008210203482884034 0.298844129113011 0.1749499970195854 -0.023436736668234502 0.6888038322216019 0.024639392003798003 0.7241497776377911
-0.007276145727474165 0.29952335002084723 0.12309000340147835 0.024254634293036714 0.7378426083671986 -0.022161654467788082 0.6741727219818747
-0.0005143863346206547 0.3062572783471229 0.12309000340125012 -0.5388841275444328 -0.5045828960372719 0.49238275912147905 -0.46104144784090173
0.006219541993760419 0.2994955189518231 0.12309000340147835 -0.7378426083671986 0.02425463429303667 0.6741727219818747 0.02216165446778804
-0.0005422173990931008 0.2927615906255474 0.12309000340125012 -0.5045828960372719 0.5388841275444328 0.46104144784090173 0.49238275912147905
0.010189523826514517 0.29982143850662196 0.19309000369950158 -0.7378426083671986 0.02425463429303667 0.6741727219818747 0.02216165446778804
-0.001185074489633604 0.3097713423495281 0.19309000369927334 -0.5388841275444328 -0.5045828960372719 0.49238275912147905 -0.46104144784090173
0.00023961998605470918 0.28844684019257927 0.19309000369927334 -0.5045828960372719 0.5388841275444328 0.46104144784090173 0.49238275912147905
-0.011134978330093375 0.2983967440354854 0.19309000369950158 0.024254634293036714 0.7378426083671986 -0.022161654467788082 0.6741727219818747
-0.0011764485799475154 0.30990241296338916 0.18509000238797116 -0.5388841275444328 -0.5045828960372719 0.49238275912147905 -0.46104144784090173
0.010320594440375601 0.2998128125969359 0.1850900023881994 -0.7378426083671986 0.02425463429303667 0.6741727219818747 0.02216165446778804
-0.011266048943954459 0.2984053699451715 0.1850900023881994 0.024254634293036714 0.7378426083671986 -0.022161654467788082 0.6741727219818747
0.00023099407636862062 0.2883157695787182 0.18509000238797116 -0.5045828960372719 0.5388841275444328 0.46104144784090173 0.49238275912147905
0.008993492294048219 0.30135557212608993 0.1869500064371193 -0.6888038322216019 -0.023436736668234547 0.7241497776377911 -0.024639392003798048
0.001773753608036838 0.2896428717255431 0.18695000643710463 -0.5036301369757978 0.47048558429694753 0.5294739009873172 0.4946285356424272
-0.009938946797627076 0.2968626104160174 0.1869500064371193 -0.023436736668234502 0.6888038322216019 0.024639392003798003 0.7241497776377911
-0.0027192081116157326 0.30857531081656425 0.18695000643710463 0.47048558429694753 0.5036301369757978 -0.4946285356424272 0.5294739009873172
-0.010826948572389467 0.2993172750824582 0.1808633276116859 0.048699209877544405 0.6552061155263992 -0.0558790772735772 0.751805069055246
-0.0002645434409355954 0.3094633125916183 0.1808633276108418 -0.497736227780526 -0.42886514663548037 0.5711189378828272 -0.49209398731109477
0.00988149406881061 0.29890090745964915 0.1808633276116859 -0.6552061155263992 0.04869920987754437 0.751805069055246 0.05587907727357716
-0.0006809110626432994 0.28875486995048905 0.1808633276108418 -0.42886514663548025 0.4977362277805259 0.49209398731109466 0.5711189378828271
-0.000881982966425607 0.2875992323415508 0.14508999583146023 -0.5045828960372719 0.5388841275444328 0.46104144784090173 0.49238275912147905
-0.012208460473541865 0.29945890662010727 0.14508999583168847 0.024254634293036714 0.7378426083671986 -0.022161654467788082 0.6741727219818747
-0.0003487861974316776 0.31078538412511814 0.14508999583146023 -0.5388841275444328 -0.5045828960372719 0.49238275912147905 -0.46104144784090173
0.010977691309684528 0.29892570984656164 0.14508999583168847 -0.7378426083671986 0.02425463429303667 0.6741727219818747 0.02216165446778804
-0.01023262137347913 0.2977985494551178 0.14494999582749252 -0.023436736668234502 0.6888038322216019 0.024639392003798003 0.7241497776377911
0.009001852209621793 0.3005860670115511 0.14494999582749252 -0.6888038322216019 -0.023436736668234547 0.7241497776377911 -0.024639392003798048
-0.0020091433649353043 0.3088095450245579 0.14494999582747786 0.47048558429694753 0.5036301369757978 -0.4946285356424272 0.5294739009873172
0.0007783742010780195 0.2895750714421111 0.14494999582747786 -0.5036301369757978 0.47048558429694753 0.5294739009873172 0.4946285356424272
0.007898879659302343 0.30157300129671505 0.151049993089715 -0.7210605750651635 -0.071215511046397 0.6858654119241533 -0.06773946264333629
0.0017653084747550206 0.2906780439907596 0.15104999308955838 -0.5602237913783629 0.45950985345499895 0.5328791157578364 0.43708105214086396
-0.0029960776386123576 0.3077065724759093 0.15104999308955838 0.4595098534549989 0.5602237913783628 -0.4370810521408639 0.5328791157578364
-0.00912964882315963 0.2968116151699539 0.151049993089715 -0.07121551104639696 0.7210605750651635 0.06773946264333625 0.6858654119241533
0.004773480683831816 0.2987319624477221 0.14486332916140665 -0.6552061155263992 0.04869920987754437 0.751805069055246 0.05587907727357716
-0.0010757303669903376 0.2938034429676094 0.14486332916056258 -0.42886514663548025 0.4977362277805259 0.49209398731109466 0.5711189378828271
-0.006004249847689153 0.2996526540189468 0.14486332916140665 0.048699209877544405 0.6552061155263992 -0.0558790772735772 0.751805069055246
-0.00015503879686694773 0.30458117349905955 0.14486332916056258 -0.497736227780526 -0.42886514663548037 0.5711189378828272 -0.49209398731109477
-0.007021182717625859 0.29801734320492707 0.14095000262242202 -0.023436736668234502 0.6888038322216019 0.024639392003798003 0.7241497776377911
0.0005595804512687544 0.29278651009796436 0.14095000262240737 -0.5036301369757978 0.47048558429694753 0.5294739009873172 0.4946285356424272
-0.0017903496151260396 0.3055981063687046 0.14095000262240737 0.47048558429694753 0.5036301369757978 -0.4946285356424272 0.5294739009873172
0.005790413553768522 0.30036727326174184 0.14095000262242202 -0.6888038322216019 -0.023436736668234547 0.7241497776377911 -0.024639392003798048
-0.01151864125415764 0.30109633597325614 0.19100333297597932 0.09958155160655938 0.7012490152458153 -0.09925016448656913 0.6989154012080386
0.010573186750578783 0.2971218465688512 0.19100333297597932 -0.7012490152458153 0.09958155160655933 0.6989154012080386 0.09925016448656909
0.00151451743391924 0.3101550052782028 0.19100333297595512 -0.5662727207473002 -0.42544314840992226 0.5643882803738948 -0.42402736018457715
-0.0024599719374981347 0.28806317726390457 0.19100333297595512 -0.42544314840992226 0.5662727207473002 0.42402736018457715 0.5643882803738948
-0.0011493929301790253 0.3088681363903721 0.1549500011918959 0.47048558429694753 0.5036301369757978 -0.4946285356424272 0.5294739009873172
-0.01029121273929334 0.2986582998898741 0.15495000119191055 -0.023436736668234502 0.6888038322216019 0.024639392003798003 0.7241497776377911
-8.137623367825947e-05 0.2895164800762969 0.1549500011918959 -0.5036301369757978 0.47048558429694753 0.5294739009873172 0.4946285356424272
0.009060443575436002 0.2997263165767948 0.15495000119191055 -0.6888038322216019 -0.023436736668234547 0.7241497776377911 -0.024639392003798048
-0.0012641350611898997 0.292543043149189 0.12486333333288772 -0.42886514663548025 0.4977362277805259 0.49209398731109466 0.5711189378828271
-0.007494693204038444 0.30024526768121884 0.12486333333373179 0.048699209877544405 0.6552061155263992 -0.0558790772735772 0.751805069055246
0.006438089470324699 0.2987736012914515 0.12486333333373179 -0.6552061155263992 0.04869920987754437 0.751805069055246 0.05587907727357716
0.00020753132747614419 0.3064758258234813 0.12486333333288772 -0.497736227780526 -0.42886514663548037 0.5711189378828272 -0.49209398731109477
-0.0012295793381921305 0.31004511950842933 0.16094999845008223 0.47048558429694753 0.5036301369757978 -0.4946285356424272 0.5294739009873172
0.010237426693493253 0.29980650298480793 0.1609499984500969 -0.6888038322216019 -0.023436736668234547 0.7241497776377911 -0.024639392003798048
-0.01146819585735059 0.298578113481861 0.1609499984500969 -0.023436736668234502 0.6888038322216019 0.024639392003798003 0.7241497776377911
-1.1898256651540773e-06 0.2883394969582396 0.16094999845008223 -0.5036301369757978 0.47048558429694753 0.5294739009873172 0.4946285356424272
0.0020561155099939107 0.2986687963454278 0.14100333595621156 -0.7012490152458153 0.09958155160655933 0.6989154012080386 0.09925016448656909
-9.187271051575946e-05 0.30186380833003795 0.14100333595618736 -0.5662727207473002 -0.42544314840992226 0.5643882803738948 -0.42402736018457715
-0.0032868846738512477 0.2997158201212411 0.14100333595621156 0.09958155160655938 0.7012490152458153 -0.09925016448656913 0.6989154012080386
-0.0011388964533415261 0.296520808136631 0.14100333595618736 -0.42544314840992226 0.5662727207473002 0.42402736018457715 0.5643882803738948
-0.010299860143189081 0.3000700279207152 0.1550900011961065 0.024254634293036714 0.7378426083671986 -0.022161654467788082 0.6741727219818747
0.009069090979331744 0.2983145885459537 0.1550900011961065 -0.7378426083671986 0.02425463429303667 0.6741727219818747 0.02216165446778804
-0.0014931042670335267 0.2895078326719036 0.15509000119587826 -0.5045828960372719 0.5388841275444328 0.46104144784090173 0.49238275912147905
0.0002623351031762419 0.30887678379476535 0.15509000119587826 -0.5388841275444328 -0.5045828960372719 0.49238275912147905 -0.46104144784090173
-9.187271051575946e-05 0.30186380833003795 0.1510033264194442 -0.5662727207473002 -0.42544314840992226 0.5643882803738948 -0.42402736018457715
-0.0032868846738512477 0.2997158201212411 0.1510033264194684 0.09958155160655938 0.7012490152458153 -0.09925016448656913 0.6989154012080386
-0.0011388964533415261 0.296520808136631 0.1510033264194442 -0.42544314840992226 0.5662727207473002 0.42402736018457715 0.5643882803738948
0.0020561155099939107 0.2986687963454278 0.1510033264194684 -0.7012490152458153 0.09958155160655933 0.6989154012080386 0.09925016448656909
-0.0006905342443909142 0.29050805821587944 0.1310899972619717 -0.5045828960372719 0.5388841275444328 0.46104144784090173 0.49238275912147905
-0.009529678137142132 0.29967166686614505 0.13108999726219994 0.024254634293036714 0.7378426083671986 -0.022161654467788082 0.6741727219818747
0.008473074403428387 0.29934720210652527 0.13108999726219994 -0.7378426083671986 0.02425463429303667 0.6741727219818747 0.02216165446778804
-0.00036606948932284094 0.3085108107567909 0.1310899972619717 -0.5388841275444328 -0.5045828960372719 0.49238275912147905 -0.46104144784090173
-0.00720584968403864 0.3002343562364065 0.150863326419593 0.048699209877544405 0.6552061155263992 -0.0558790772735772 0.751805069055246
0.00042666342059273103 0.30578277333540904 0.15086332641874892 -0.497736227780526 -0.42886514663548037 0.5711189378828272 -0.49209398731109477
-0.0016574325844500163 0.2926018431312599 0.15086332641874892 -0.42886514663548025 0.4977362277805259 0.49209398731109466 0.5711189378828271
0.005975080520181303 0.2981502602302624 0.150863326419593 -0.6552061155263992 0.04869920987754437 0.751805069055246 0.05587907727357716
0.002460324478066383 0.29889883988335675 0.1250033333336072 -0.7012490152458153 0.09958155160655933 0.6989154012080386 0.09925016448656909
-0.0011388964533415261 0.296520808136631 0.125003333333583 -0.42544314840992226 0.5662727207473002 0.42402736018457715 0.5643882803738948
8.229271962777027e-05 0.3024980608360393 0.125003333333583 -0.5662727207473002 -0.42544314840992226 0.5643882803738948 -0.42402736018457715
-0.003516928211780129 0.30012002908931357 0.1250033333336072 0.09958155160655938 0.7012490152458153 -0.09925016448656913 0.6989154012080386
-0.002168661711685777 0.2998933774976285 0.14500332916128206 -0.7012490152458153 0.09958155160655933 0.6989154012080386 0.09925016448656909
0.0009378925478284396 0.2984912389690404 0.14500332916128206 0.09958155160655938 0.7012490152458153 -0.09925016448656913 0.6989154012080386
8.568469885917267e-05 0.3007455853583107 0.14500332916125785 -0.42544314840992226 0.5662727207473002 0.42402736018457715 0.5643882803738948
-0.001316453862716459 0.29763903110835827 0.14500332916125785 -0.5662727207473002 -0.42544314840992226 0.5643882803738948 -0.42402736018457715
-0.007276145727474165 0.29952335002084723 0.11109000143452508 0.024254634293036714 0.7378426083671986 -0.022161654467788082 0.6741727219818747
-0.0005143863346206547 0.3062572783471229 0.11109000143429684 -0.5388841275444328 -0.5045828960372719 0.49238275912147905 -0.46104144784090173
-0.0005422173990931008 0.2927615906255474 0.11109000143429684 -0.5045828960372719 0.5388841275444328 0.46104144784090173 0.49238275912147905
0.006219541993760419 0.2994955189518231 0.11109000143452508 -0.7378426083671986 0.02425463429303667 0.6741727219818747 0.02216165446778804
-0.008363469382972338 0.3001817855868869 0.18500333571779298 0.09958155160655938 0.7012490152458153 -0.09925016448656913 0.6989154012080386
0.0005999670475500113 0.3069998334070175 0.18500333571776878 -0.5662727207473002 -0.42544314840992226 0.5643882803738948 -0.42402736018457715
-0.0015454215511289063 0.29121834913508987 0.18500333571776878 -0.42544314840992226 0.5662727207473002 0.42402736018457715 0.5643882803738948
0.0074180148793934805 0.29803639695522044 0.18500333571779298 -0.7012490152458153 0.09958155160655933 0.6989154012080386 0.09925016448656909
-0.013889430665497431 0.30030627675104854 0.16108999845429284 0.024254634293036714 0.7378426083671986 -0.022161654467788082 0.6741727219818747
0.012658661501640094 0.29807833971562037 0.16108999845429284 -0.7378426083671986 0.02425463429303667 0.6741727219818747 0.02216165446778804
0.0004985839335095944 0.3124663543170737 0.1610899984540646 -0.5388841275444328 -0.5045828960372719 0.49238275912147905 -0.46104144784090173
-0.0017293530973668788 0.28591826214959526 0.1610899984540646 -0.5045828960372719 0.5388841275444328 0.46104144784090173 0.49238275912147905
-0.005592094798626717 0.3005718594544864 0.11086333476424326 -0.6552061155263992 0.04869920987754437 0.751805069055246 0.05587907727357716
0.0005341231018450162 0.3045732274181404 0.1108633347633992 -0.42886514663548025 0.4977362277805259 0.49209398731109466 0.5711189378828271
0.004535491064912972 0.2984470095181839 0.11086333476424326 0.048699209877544405 0.6552061155263992 -0.0558790772735772 0.751805069055246
-0.0015907268355587732 0.2944456415545299 0.1108633347633992 -0.497736227780526 -0.42886514663548037 0.5711189378828272 -0.49209398731109477
-0.0025720524756750033 0.2901567588226075 0.13098999725830032 -0.4468140407726328 0.5434677663168533 0.4513047469578928 0.5489298910756042
-0.00988097753108347 0.30155318509262197 0.13098999725830637 0.06834450383392912 0.700234981171117 -0.06903140052970516 0.7072726954159102
0.008824373797369714 0.29746568388004835 0.13098999725830637 -0.700234981171117 0.06834450383392915 0.7072726954159102 0.0690314005297052
0.0015154487419612576 0.3088621101500628 0.13098999725830032 -0.5434677663168535 -0.44681404077263276 0.5489298910756042 -0.45130474695789274
0.0030876240572018047 0.29820565455899817 0.1250033333336072 0.09958155160655938 0.7012490152458153 -0.09925016448656913 0.6989154012080386
-0.00183208181068763 0.2958935085670574 0.125003333333583 -0.5662727207473002 -0.42544314840992226 0.5643882803738948 -0.42402736018457715
-0.00414422779091555 0.30081321441367215 0.1250033333336072 -0.7012490152458153 0.09958155160655933 0.6989154012080386 0.09925016448656909
0.000775478076973873 0.30312536040561294 0.125003333333583 -0.42544314840992226 0.5662727207473002 0.42402736018457715 0.5643882803738948
-0.00830846896124328 0.29993896336045084 0.16309000250740868 0.024254634293036714 0.7378426083671986 -0.022161654467788082 0.6741727219818747
-0.0013620397067691777 0.2914992238538494 0.16309000250718045 -0.5045828960372719 0.5388841275444328 0.46104144784090173 0.49238275912147905
0.0001312705429118927 0.30688539261281955 0.16309000250718045 -0.5388841275444328 -0.5045828960372719 0.49238275912147905 -0.46104144784090173
0.007077699797385944 0.29844565310621807 0.16309000250740868 -0.7378426083671986 0.02425463429303667 0.6741727219818747 0.02216165446778804
-0.007494693204038444 0.30024526768121884 0.13486333869814982 0.048699209877544405 0.6552061155263992 -0.0558790772735772 0.751805069055246
-0.0012641350611898997 0.292543043149189 0.13486333869730574 -0.42886514663548025 0.4977362277805259 0.49209398731109466 0.5711189378828271
0.006438089470324699 0.2987736012914515 0.13486333869814982 -0.6552061155263992 0.04869920987754437 0.751805069055246 0.05587907727357716
0.00020753132747614419 0.3064758258234813 0.13486333869730574 -0.497736227780526 -0.42886514663548037 0.5711189378828272 -0.49209398731109477
-0.0006260312478045228 0.3008993642699077 0.13086333059107405 -0.497736227780526 -0.42886514663548037 0.5711189378828272 -0.49209398731109477
0.0008616279167510898 0.29960716386673214 0.13086333059191813 -0.6552061155263992 0.04869920987754437 0.751805069055246 0.05587907727357716
-0.0019182316504648355 0.2994117051059382 0.13086333059191813 0.048699209877544405 0.6552061155263992 -0.0558790772735772 0.751805069055246
-0.0004305724859092333 0.2981195047027626 0.13086333059107405 -0.42886514663548025 0.4977362277805259 0.49209398731109466 0.5711189378828271
-0.0012641350611898997 0.292543043149189 0.10486333005463226 -0.42886514663548025 0.4977362277805259 0.49209398731109466 0.5711189378828271
0.006630034403586943 0.29887048092656887 0.10486333005547632 -0.6552061155263992 0.04869920987754437 0.751805069055246 0.05587907727357716
0.0003025966256210107 0.30676465039186096 0.10486333005463226 -0.497736227780526 -0.42886514663548037 0.5711189378828272 -0.49209398731109477
-0.007591572839155842 0.3004372126144811 0.10486333005547632 0.048699209877544405 0.6552061155263992 -0.0558790772735772 0.751805069055246
0.003317667595130686 0.2978014455909257 0.1510033264194684 0.09958155160655938 0.7012490152458153 -0.09925016448656913 0.6989154012080386
-0.004548436758988023 0.3005831708757432 0.1510033264194684 -0.7012490152458153 0.09958155160655933 0.6989154012080386 0.09925016448656909
0.000775478076973873 0.30312536040561294 0.1510033264194442 -0.42544314840992226 0.5662727207473002 0.42402736018457715 0.5643882803738948
-0.0020062472408311598 0.295259256061056 0.1510033264194442 -0.5662727207473002 -0.42544314840992226 0.5643882803738948 -0.42402736018457715
-0.010400622950912071 0.3012507649626799 0.19487665951372887 0.07791574439606444 0.6574667063192892 -0.08819872367126813 0.7442362877471321
0.001668946451532068 0.3090369869673519 0.194876659513628 -0.5199939199036149 -0.40980441231880693 0.588620444555372 -0.46388860641186974
-0.0026144009551109255 0.28918119557475547 0.194876659513628 -0.40980441231880693 0.519993919903615 0.46388860641186974 0.588620444555372
0.009455168447333176 0.29696741757942746 0.19487665951372887 -0.6574667063192892 0.07791574439606441 0.7442362877471321 0.08819872367126809
-0.0012641350611898997 0.292543043149189 0.1108633347633992 -0.42886514663548025 0.4977362277805259 0.49209398731109466 0.5711189378828271
0.00020753132747614419 0.3064758258234813 0.1108633347633992 -0.497736227780526 -0.42886514663548037 0.5711189378828272 -0.49209398731109477
0.006438089470324699 0.2987736012914515 0.11086333476424326 -0.6552061155263992 0.04869920987754437 0.751805069055246 0.05587907727357716
-0.007494693204038444 0.30024526768121884 0.11086333476424326 0.048699209877544405 0.6552061155263992 -0.0558790772735772 0.751805069055246
-0.008356748723511347 0.29920540387492595 0.14109000262661797 0.024254634293036714 0.7378426083671986 -0.022161654467788082 0.6741727219818747
0.007125979559654011 0.29917921259174296 0.14109000262661797 -0.7378426083671986 0.02425463429303667 0.6741727219818747 0.02216165446778804
-0.0006284802212442849 0.29145094409158134 0.14109000262638974 -0.5045828960372719 0.5388841275444328 0.46104144784090173 0.49238275912147905
-0.0006022889426130001 0.3069336723750876 0.14109000262638974 -0.5388841275444328 -0.5045828960372719 0.49238275912147905 -0.46104144784090173
-0.0011388964533415261 0.296520808136631 0.10500333005532753 -0.42544314840992226 0.5662727207473002 0.42402736018457715 0.5643882803738948
0.0001773580177726368 0.30278688540441895 0.10500333005532753 -0.5662727207473002 -0.42544314840992226 0.5643882803738948 -0.42402736018457715
0.002652269411328628 0.29899571951847415 0.10500333005535173 -0.7012490152458153 0.09958155160655933 0.6989154012080386 0.09925016448656909
-0.003613807846897526 0.3003119740225758 0.10500333005535173 0.09958155160655938 0.7012490152458153 -0.09925016448656913 0.6989154012080386
-0.0032868846738512477 0.2997158201212411 0.16100333178388643 0.09958155160655938 0.7012490152458153 -0.09925016448656913 0.6989154012080386
-0.0011388964533415261 0.296520808136631 0.16100333178386222 -0.42544314840992226 0.5662727207473002 0.42402736018457715 0.5643882803738948
-9.187271051575946e-05 0.30186380833003795 0.16100333178386222 -0.5662727207473002 -0.42544314840992226 0.5643882803738948 -0.42402736018457715
0.0020561155099939107 0.2986687963454278 0.16100333178388643 -0.7012490152458153 0.09958155160655933 0.6989154012080386 0.09925016448656909
-0.0012545910979608304 0.29669434598797106 0.13486333869730574 -0.497736227780526 -0.42886514663548037 0.5711189378828272 -0.49209398731109477
0.0001979873642470739 0.30232452298469925 0.13486333869730574 -0.42886514663548025 0.4977362277805259 0.49209398731109466 0.5711189378828271
0.00228678663147181 0.29878314525578187 0.13486333869814982 0.048699209877544405 0.6552061155263992 -0.0558790772735772 0.751805069055246
-0.0033433903651855557 0.30023572371688845 0.13486333869814982 -0.6552061155263992 0.04869920987754437 0.751805069055246 0.05587907727357716
8.229271962777027e-05 0.3024980608360393 0.13500333869800102 -0.5662727207473002 -0.42544314840992226 0.5643882803738948 -0.42402736018457715
-0.0011388964533415261 0.296520808136631 0.13500333869800102 -0.42544314840992226 0.5662727207473002 0.42402736018457715 0.5643882803738948
-0.003516928211780129 0.30012002908931357 0.13500333869802522 0.09958155160655938 0.7012490152458153 -0.09925016448656913 0.6989154012080386
0.002460324478066383 0.29889883988335675 0.13500333869802522 -0.7012490152458153 0.09958155160655933 0.6989154012080386 0.09925016448656909
0.00228678663147181 0.29878314525578187 0.12086333267808069 0.048699209877544405 0.6552061155263992 -0.0558790772735772 0.751805069055246
0.0001979873642470739 0.30232452298469925 0.12086333267723663 -0.42886514663548025 0.4977362277805259 0.49209398731109466 0.5711189378828271
-0.0012545910979608304 0.29669434598797106 0.12086333267723663 -0.497736227780526 -0.42886514663548037 0.5711189378828272 -0.49209398731109477
-0.0033433903651855557 0.30023572371688845 0.12086333267808069 -0.6552061155263992 0.04869920987754437 0.751805069055246 0.05587907727357716
0.00042666342059273103 0.30578277333540904 0.16086333178316695 -0.497736227780526 -0.42886514663548037 0.5711189378828272 -0.49209398731109477
0.005975080520181303 0.2981502602302624 0.16086333178401102 -0.6552061155263992 0.04869920987754437 0.751805069055246 0.05587907727357716
-0.00720584968403864 0.3002343562364065 0.16086333178401102 0.048699209877544405 0.6552061155263992 -0.0558790772735772 0.751805069055246
-0.0016574325844500163 0.2926018431312599 0.16086333178316695 -0.42886514663548025 0.4977362277805259 0.49209398731109466 0.5711189378828271
0.002460324478066383 0.29889883988335675 0.11100333476411867 -0.7012490152458153 0.09958155160655933 0.6989154012080386 0.09925016448656909
8.229271962777027e-05 0.3024980608360393 0.11100333476409446 -0.5662727207473002 -0.42544314840992226 0.5643882803738948 -0.42402736018457715
-0.003516928211780129 0.30012002908931357 0.11100333476411867 0.09958155160655938 0.7012490152458153 -0.09925016448656913 0.6989154012080386
-0.0011388964533415261 0.296520808136631 0.11100333476409446 -0.42544314840992226 0.5662727207473002 0.42402736018457715 0.5643882803738948
-0.0004194976027833818 0.30769899549495006 0.11708999869248318 -0.5388841275444328 -0.5045828960372719 0.49238275912147905 -0.46104144784090173
-0.0006371061309303734 0.29131987347772026 0.11708999869248318 -0.5045828960372719 0.5388841275444328 0.46104144784090173 0.49238275912147905
-0.008717862875301312 0.2996182387526845 0.11708999869271142 0.024254634293036714 0.7378426083671986 -0.022161654467788082 0.6741727219818747
0.007661259141587567 0.2994006302199858 0.11708999869271142 -0.7378426083671986 0.02425463429303667 0.6741727219818747 0.02216165446778804
-0.01170071000347596 0.3007368617548826 0.09709000286503655 0.024254634293036714 0.7378426083671986 -0.022161654467788082 0.6741727219818747
0.010739171567907062 0.29857083178616733 0.09709000286503655 -0.7378426083671986 0.02425463429303667 0.6741727219818747 0.02216165446778804
0.0006022457642973563 0.31087378755638695 0.09709000286480832 -0.5388841275444328 -0.5045828960372719 0.49238275912147905 -0.46104144784090173
-0.0015637841998662446 0.288433905984663 0.09709000286480832 -0.5045828960372719 0.5388841275444328 0.46104144784090173 0.49238275912147905
-0.013663556373077384 0.30036571711890697 0.17109000381871087 0.024254634293036714 0.7378426083671986 -0.022161654467788082 0.6741727219818747
0.0007838985937879844 0.3122999203925121 0.17109000381848263 -0.5388841275444328 -0.5045828960372719 0.49238275912147905 -0.46104144784090173
-0.0017293530973668788 0.28591826214959526 0.17109000381848263 -0.5045828960372719 0.5388841275444328 0.46104144784090173 0.49238275912147905
0.012718101869498526 0.2978524654232004 0.17109000381871087 -0.7378426083671986 0.02425463429303667 0.6741727219818747 0.02216165446778804
-0.0011422884325729293 0.2982732836143596 0.11500333541974556 -0.5662727207473002 -0.42544314840992226 0.5643882803738948 -0.42402736018457715
-0.001764452743613304 0.30012342103555745 0.11500333541976976 -0.7012490152458153 0.09958155160655933 0.6989154012080386 0.09925016448656909
8.568469885917267e-05 0.3007455853583107 0.11500333541974556 -0.42544314840992226 0.5662727207473002 0.42402736018457715 0.5643882803738948
0.0007078490098995584 0.29889544793711287 0.11500333541976976 0.09958155160655938 0.7012490152458153 -0.09925016448656913 0.6989154012080386
-0.0006371061309303734 0.29131987347772026 0.10309000012299466 -0.5045828960372719 0.5388841275444328 0.46104144784090173 0.49238275912147905
0.007853204074849811 0.2994975098551032 0.10309000012322289 -0.7378426083671986 0.02425463429303667 0.6741727219818747 0.02216165446778804
-0.0003244323046385153 0.3079878200633297 0.10309000012299466 -0.5388841275444328 -0.5045828960372719 0.49238275912147905 -0.46104144784090173
-0.00881474251041871 0.29981018368594675 0.10309000012322289 0.024254634293036714 0.7378426083671986 -0.022161654467788082 0.6741727219818747
-0.014036683351833295 0.2999683002074947 0.13509000536843163 0.024254634293036714 0.7378426083671986 -0.022161654467788082 0.6741727219818747
-0.0009871675857405756 0.2860010530011883 0.1350900053682034 -0.5045828960372719 0.5388841275444328 0.46104144784090173 0.49238275912147905
0.012980079618119549 0.2990505687651756 0.13509000536843163 -0.7378426083671986 0.02425463429303667 0.6741727219818747 0.02216165446778804
-6.943614797317904e-05 0.31301781597148204 0.1350900053682034 -0.5388841275444328 -0.5045828960372719 0.49238275912147905 -0.46104144784090173
-0.008993750971945762 0.29763770522516486 0.11105000143436528 -0.07121551104639696 0.7210605750651635 0.06773946264333625 0.6858654119241533
0.0013434273876165447 0.2910439853799024 0.11105000143420864 -0.5602237913783629 0.45950985345499895 0.5328791157578364 0.43708105214086396
-0.0024000311213302904 0.3079748835927679 0.11105000143420864 0.4595098534549989 0.5602237913783628 -0.4370810521408639 0.5328791157578364
0.007937147238232006 0.30138116374750545 0.11105000143436528 -0.7210605750651635 -0.071215511046397 0.6858654119241533 -0.06773946264333629
-0.002087650638352202 0.30247481142310156 0.1311366639371182 0.41235522973679417 0.6311073632708251 -0.35937196370883595 0.5500167745024852
0.0010310469046384565 0.29654405754956875 0.1311366639371182 -0.6311073632708251 0.4123552297367942 0.5500167745024852 0.359371963708836
0.0024370750721268786 0.301068783252678 0.1311366639373991 -0.7378394757952937 -0.1546811157332881 0.643034943943874 -0.13480623598606384
-0.0034936788058406347 0.2979500857199923 0.1311366639373991 -0.15468111573328808 0.7378394757952937 0.1348062359860638 0.643034943943874
-0.0034936788058406347 0.2979500857199923 0.11113666810972421 -0.15468111573328808 0.7378394757952937 0.1348062359860638 0.643034943943874
0.0024370750721268786 0.301068783252678 0.11113666810972421 -0.7378394757952937 -0.1546811157332881 0.643034943943874 -0.13480623598606384
0.0010310469046384565 0.29654405754956875 0.11113666810944335 -0.6311073632708251 0.4123552297367942 0.5500167745024852 0.359371963708836
-0.002087650638352202 0.30247481142310156 0.11113666810944335 0.41235522973679417 0.6311073632708251 -0.35937196370883595 0.5500167745024852
-0.009489027100935627 0.3011229295936867 0.09486333214163889 0.048699209877544405 0.6552061155263992 -0.0558790772735772 0.751805069055246
0.008527488665366728 0.29818476394736326 0.09486333214163889 -0.6552061155263992 0.04869920987754437 0.751805069055246 0.05587907727357716
0.0009883136048266193 0.30866210465364075 0.09486333214079483 -0.497736227780526 -0.42886514663548037 0.5711189378828272 -0.49209398731109477
-0.001949852040395508 0.2906455888874092 0.09486333214079483 -0.42886514663548025 0.4977362277805259 0.49209398731109466 0.5711189378828271
-0.0017370165125427635 0.296182333135437 0.10500333005532753 -0.5662727207473002 -0.42544314840992226 0.5643882803738948 -0.42402736018457715
-0.003952282857653306 0.30091009404878954 0.10500333005535173 -0.7012490152458153 0.09958155160655933 0.6989154012080386 0.09925016448656909
0.000775478076973873 0.30312536040561294 0.10500333005532753 -0.42544314840992226 0.5662727207473002 0.42402736018457715 0.5643882803738948
0.0029907444220844074 0.2983975994922604 0.10500333005535173 0.09958155160655938 0.7012490152458153 -0.09925016448656913 0.6989154012080386
0.009406061177694266 0.30081611054948004 0.13495000536423568 -0.6888038322216019 -0.023436736668234547 0.7241497776377911 -0.024639392003798048
0.0007783742010780195 0.2895750714421111 0.13495000536422103 -0.5036301369757978 0.47048558429694753 0.5294739009873172 0.4946285356424272
-0.010462664911408012 0.2982027584231903 0.13495000536423568 -0.023436736668234502 0.6888038322216019 0.024639392003798003 0.7241497776377911
-0.0018349779347917746 0.30944379753055923 0.13495000536422103 0.47048558429694753 0.5036301369757978 -0.4946285356424272 0.5294739009873172
-0.001949852040395508 0.2906455888874092 0.16886333309446913 -0.42886514663548025 0.4977362277805259 0.49209398731109466 0.5711189378828271
0.0007190828765382231 0.30773902757925975 0.16886333309446913 -0.497736227780526 -0.42886514663548037 0.5711189378828272 -0.49209398731109477
0.007931334764032011 0.29785784077431693 0.1688633330953132 -0.6552061155263992 0.04869920987754437 0.751805069055246 0.05587907727357716
-0.009162103927889348 0.300526775692352 0.1688633330953132 0.048699209877544405 0.6552061155263992 -0.0558790772735772 0.751805069055246
0.002652269411328628 0.29899571951847415 0.0950033321415143 -0.7012490152458153 0.09958155160655933 0.6989154012080386 0.09925016448656909
0.0001773580177726368 0.30278688540441895 0.0950033321414901 -0.5662727207473002 -0.42544314840992226 0.5643882803738948 -0.42402736018457715
-0.003613807846897526 0.3003119740225758 0.0950033321415143 0.09958155160655938 0.7012490152458153 -0.09925016448656913 0.6989154012080386
-0.0011388964533415261 0.296520808136631 0.0950033321414901 -0.42544314840992226 0.5662727207473002 0.42402736018457715 0.5643882803738948
0.0010310469046384565 0.29654405754956875 0.12313667007639663 -0.6311073632708251 0.4123552297367942 0.5500167745024852 0.359371963708836
0.0024370750721268786 0.301068783252678 0.12313667007667749 -0.7378394757952937 -0.1546811157332881 0.643034943943874 -0.13480623598606384
-0.0034936788058406347 0.2979500857199923 0.12313667007667749 -0.15468111573328808 0.7378394757952937 0.1348062359860638 0.643034943943874
-0.002087650638352202 0.30247481142310156 0.12313667007639663 0.41235522973679417 0.6311073632708251 -0.35937196370883595 0.5500167745024852
0.012469945255818165 0.2980005748690542 0.08110333357064557 -0.7405630222073514 0.05686014643503535 0.6676120497440269 0.05125899845958164
-0.002134041121889306 0.2867031322973416 0.0811033335707631 -0.48345093926889515 0.563863330508629 0.43582742125637547 0.5083185937074872
0.0011725026863204076 0.31260456124370833 0.0811033335707631 -0.563863330508629 -0.48345093926889526 0.5083185937074872 -0.4358274212563756
-0.013431483691387055 0.3013071186719958 0.08110333357064557 0.05686014643503538 0.7405630222073514 -0.05125899845958167 0.6676120497440269
0.007860108234859813 0.3017673720433276 0.13104999726204014 -0.7210605750651635 -0.071215511046397 0.6858654119241533 -0.06773946264333629
-0.002786239417152434 0.30789784458939573 0.13104999726188352 0.4595098534549989 0.5602237913783628 -0.4370810521408639 0.5328791157578364
0.0017296356834386882 0.2911210243832746 0.13104999726188352 -0.5602237913783629 0.45950985345499895 0.5328791157578364 0.43708105214086396
-0.00891671196857357 0.2972514969293427 0.13104999726204014 -0.07121551104639696 0.7210605750651635 0.06773946264333625 0.6858654119241533
-0.0016574325844500163 0.2926018431312599 0.0808633335713063 -0.42886514663548025 0.4977362277805259 0.49209398731109466 0.5711189378828271
0.0006958941488811273 0.30670585040979004 0.0808633335713063 -0.497736227780526 -0.42886514663548037 0.5711189378828272 -0.49209398731109477
0.0065712344215160205 0.29847718340330875 0.08086333357215036 -0.6552061155263992 0.04869920987754437 0.751805069055246 0.05587907727357716
-0.007532772857084919 0.3008305101377412 0.08086333357215036 0.048699209877544405 0.6552061155263992 -0.0558790772735772 0.751805069055246
-0.00891671196857357 0.2972514969293427 0.1250500000038538 -0.07121551104639696 0.7210605750651635 0.06773946264333625 0.6858654119241533
0.0017296356834386882 0.2911210243832746 0.12505000000369718 -0.5602237913783629 0.45950985345499895 0.5328791157578364 0.43708105214086396
0.007860108234859813 0.3017673720433276 0.1250500000038538 -0.7210605750651635 -0.071215511046397 0.6858654119241533 -0.06773946264333629
-0.002786239417152434 0.30789784458939573 0.12505000000369718 0.4595098534549989 0.5602237913783628 -0.4370810521408639 0.5328791157578364
0.0009883136048266193 0.30866210465364075 0.08686333082949264 -0.497736227780526 -0.42886514663548037 0.5711189378828272 -0.49209398731109477
-0.001949852040395508 0.2906455888874092 0.08686333082949264 -0.42886514663548025 0.4977362277805259 0.49209398731109466 0.5711189378828271
-0.009489027100935627 0.3011229295936867 0.0868633308303367 0.048699209877544405 0.6552061155263992 -0.0558790772735772 0.751805069055246
0.008527488665366728 0.29818476394736326 0.0868633308303367 -0.6552061155263992 0.04869920987754437 0.751805069055246 0.05587907727357716
-0.008898685673800895 0.2979265297935445 0.09104999815610981 -0.07121551104639696 0.7210605750651635 0.06773946264333625 0.6858654119241533
0.007937147238232006 0.30138116374750545 0.09104999815610981 -0.7210605750651635 -0.071215511046397 0.6858654119241533 -0.06773946264333629
-0.0022080861880680457 0.3080717632278853 0.09104999815595317 0.4595098534549989 0.5602237913783628 -0.4370810521408639 0.5328791157578364
0.0012465477524991474 0.29123593031316464 0.09104999815595317 -0.5602237913783629 0.45950985345499895 0.5328791157578364 0.43708105214086396
0.011394494834890094 0.2985276989781079 0.08509000089808327 -0.7378426083671986 0.02425463429303667 0.6741727219818747 0.02216165446778804
0.0006453785723568102 0.31152911082337 0.08509000089785504 -0.5388841275444328 -0.5045828960372719 0.49238275912147905 -0.46104144784090173
-0.012356033270458993 0.3007799945629421 0.08509000089808327 0.024254634293036714 0.7378426083671986 -0.022161654467788082 0.6741727219818747
-0.0016069170079256985 0.28777858271768 0.08509000089785504 -0.5045828960372719 0.5388841275444328 0.46104144784090173 0.49238275912147905
-0.003151445431923311 0.30033260335200584 0.10086333685040583 -0.6552061155263992 0.04869920987754437 0.751805069055246 0.05587907727357716
0.0021899069963544127 0.2989750901890441 0.10086333685040583 0.048699209877544405 0.6552061155263992 -0.0558790772735772 0.751805069055246
0.0001979873642470739 0.30232452298469925 0.10086333684956177 -0.42886514663548025 0.4977362277805259 0.49209398731109466 0.5711189378828271
-0.001159525799815964 0.2969831705563507 0.10086333684956177 -0.497736227780526 -0.42886514663548037 0.5711189378828272 -0.49209398731109477
0.0022757681395583285 0.30143660351558693 0.09113666483146875 -0.7378394757952937 -0.1546811157332881 0.643034943943874 -0.13480623598606384
-0.002263525967998893 0.3024103841256504 0.09113666483118789 0.41235522973679417 0.6311073632708251 -0.35937196370883595 0.5500167745024852
0.0013019875324299947 0.29689730941539955 0.09113666483118789 -0.6311073632708251 0.4123552297367942 0.5500167745024852 0.359371963708836
-0.003237306575127218 0.297871090025463 0.09113666483146875 -0.15468111573328808 0.7378394757952937 0.1348062359860638 0.643034943943874
-0.0005469047786175111 0.3116075803382168 0.09108999815604138 -0.5388841275444328 -0.5045828960372719 0.49238275912147905 -0.46104144784090173
0.011472964349736896 0.2997199823290822 0.09108999815626961 -0.7378426083671986 0.02425463429303667 0.6741727219818747 0.02216165446778804
-0.012434502785305794 0.29958771121196776 0.09108999815626961 0.024254634293036714 0.7378426083671986 -0.022161654467788082 0.6741727219818747
-0.00041463365695137717 0.2877001132028332 0.09108999815604138 -0.5045828960372719 0.5388841275444328 0.46104144784090173 0.49238275912147905
-0.01086949228013334 0.2970323930688285 0.08113666691763131 -0.15468111573328808 0.7378394757952937 0.1348062359860638 0.643034943943874
-0.0031022229246334145 0.31004256983065653 0.08113666691735046 0.41235522973679417 0.6311073632708251 -0.35937196370883595 0.5500167745024852
0.0021406844890645162 0.2892651237103934 0.08113666691735046 -0.6311073632708251 0.4123552297367942 0.5500167745024852 0.359371963708836
0.00990795384456445 0.30227530047222145 0.08113666691763131 -0.7378394757952937 -0.1546811157332881 0.643034943943874 -0.13480623598606384
0.0005476497634546319 0.30871034987020374 0.17508999702355313 -0.5045828960372719 0.5388841275444328 -0.4610414478409017 -0.4923827591214791
-0.0014931042670335267 0.2895078326719036 0.17508999702355313 0.5388841275444328 0.5045828960372719 0.4923827591214791 -0.4610414478409017
0.009128531347190176 0.2980887142535337 0.17508999702378136 0.024254634293036623 0.7378426083671986 0.022161654467788082 -0.6741727219818747
-0.010073985850769034 0.3001294682885736 0.17508999702378136 0.7378426083671986 -0.02425463429303667 0.6741727219818747 0.022161654467788124
0.0007838985937879844 0.3122999203925121 0.18108999428173947 -0.5045828960372719 0.5388841275444328 -0.4610414478409017 -0.4923827591214791
-0.0017293530973668788 0.28591826214959526 0.18108999428173947 0.5388841275444328 0.5045828960372719 0.4923827591214791 -0.4610414478409017
0.012718101869498526 0.2978524654232004 0.1810899942819677 0.024254634293036623 0.7378426083671986 0.022161654467788082 -0.6741727219818747
-0.013663556373077384 0.30036571711890697 0.1810899942819677 0.7378426083671986 -0.02425463429303667 0.6741727219818747 0.022161654467788124
-0.001949852040395508 0.2906455888874092 0.17486333035265547 0.49773622778052595 0.42886514663548037 0.5711189378828272 -0.49209398731109466
-0.0089362296354693 0.3005862160602104 0.17486333035349955 0.6552061155263992 -0.048699209877544364 0.751805069055246 0.05587907727357725
0.001004397536816613 0.30757259365469813 0.17486333035265547 -0.4288651466354804 0.497736227780526 -0.4920939873110947 -0.5711189378828272
0.007990775131890443 0.29763196648189694 0.17486333035349955 0.04869920987754433 0.6552061155263992 0.05587907727357721 -0.751805069055246
0.007264748979305177 0.29937405342909634 0.1749499970195854 -0.02343673666823459 0.6888038322216019 -0.024639392003798003 -0.7241497776377911
-0.0007376894146221436 0.3068465675018212 0.17494999701957076 0.5036301369757978 -0.4704855842969475 0.5294739009873172 0.49462853564242726
-0.00020776508895675144 0.29137161504028614 0.17494999701957076 0.4704855842969475 0.5036301369757978 0.49462853564242726 -0.5294739009873172
-0.008210203482884034 0.298844129113011 0.1749499970195854 0.6888038322216019 0.023436736668234544 0.7241497776377911 -0.024639392003797958
-0.007276145727474165 0.29952335002084723 0.12309000340147835 0.7378426083671986 -0.02425463429303667 0.6741727219818747 0.022161654467788124
-0.0005143863346206547 0.3062572783471229 0.12309000340125012 -0.5045828960372719 0.5388841275444328 -0.4610414478409017 -0.4923827591214791
0.006219541993760419 0.2994955189518231 0.12309000340147835 0.024254634293036623 0.7378426083671986 0.022161654467788082 -0.6741727219818747
-0.0005422173990931008 0.2927615906255474 0.12309000340125012 0.5388841275444328 0.5045828960372719 0.4923827591214791 -0.4610414478409017
0.010189523826514517 0.29982143850662196 0.19309000369950158 0.024254634293036623 0.7378426083671986 0.022161654467788082 -0.6741727219818747
-0.001185074489633604 0.3097713423495281 0.19309000369927334 -0.5045828960372719 0.5388841275444328 -0.4610414478409017 -0.4923827591214791
0.00023961998605470918 0.28844684019257927 0.19309000369927334 0.5388841275444328 0.5045828960372719 0.4923827591214791 -0.4610414478409017
-0.011134978330093375 0.2983967440354854 0.19309000369950158 0.7378426083671986 -0.02425463429303667 0.6741727219818747 0.022161654467788124
-0.0011764485799475154 0.30990241296338916 0.18509000238797116 -0.5045828960372719 0.5388841275444328 -0.4610414478409017 -0.4923827591214791
0.010320594440375601 0.2998128125969359 0.1850900023881994 0.024254634293036623 0.7378426083671986 0.022161654467788082 -0.6741727219818747
-0.011266048943954459 0.2984053699451715 0.1850900023881994 0.7378426083671986 -0.02425463429303667 0.6741727219818747 0.022161654467788124
0.00023099407636862062 0.2883157695787182 0.18509000238797116 0.5388841275444328 0.5045828960372719 0.4923827591214791 -0.4610414478409017
0.008993492294048219 0.30135557212608993 0.1869500064371193 -0.02343673666823459 0.6888038322216019 -0.024639392003798003 -0.7241497776377911
0.001773753608036838 0.2896428717255431 0.18695000643710463 0.4704855842969475 0.5036301369757978 0.49462853564242726 -0.5294739009873172
-0.009938946797627076 0.2968626104160174 0.1869500064371193 0.6888038322216019 0.023436736668234544 0.7241497776377911 -0.024639392003797958
-0.0027192081116157326 0.30857531081656425 0.18695000643710463 0.5036301369757978 -0.4704855842969475 0.5294739009873172 0.49462853564242726
-0.010826948572389467 0.2993172750824582 0.1808633276116859 0.6552061155263992 -0.048699209877544364 0.751805069055246 0.05587907727357725
-0.0002645434409355954 0.3094633125916183 0.1808633276108418 -0.4288651466354804 0.497736227780526 -0.4920939873110947 -0.5711189378828272
0.00988149406881061 0.29890090745964915 0.1808633276116859 0.04869920987754433 0.6552061155263992 0.05587907727357721 -0.751805069055246
-0.0006809110626432994 0.28875486995048905 0.1808633276108418 0.49773622778052595 0.42886514663548037 0.5711189378828272 -0.49209398731109466
-0.000881982966425607 0.2875992323415508 0.14508999583146023 0.5388841275444328 0.5045828960372719 0.4923827591214791 -0.4610414478409017
-0.012208460473541865 0.29945890662010727 0.14508999583168847 0.7378426083671986 -0.02425463429303667 0.6741727219818747 0.022161654467788124
-0.0003487861974316776 0.31078538412511814 0.14508999583146023 -0.5045828960372719 0.5388841275444328 -0.4610414478409017 -0.4923827591214791
0.010977691309684528 0.29892570984656164 0.14508999583168847 0.024254634293036623 0.7378426083671986 0.022161654467788082 -0.6741727219818747
-0.01023262137347913 0.2977985494551178 0.14494999582749252 0.6888038322216019 0.023436736668234544 0.7241497776377911 -0.024639392003797958
0.009001852209621793 0.3005860670115511 0.14494999582749252 -0.02343673666823459 0.6888038322216019 -0.024639392003798003 -0.7241497776377911
-0.0020091433649353043 0.3088095450245579 0.14494999582747786 0.5036301369757978 -0.4704855842969475 0.5294739009873172 0.49462853564242726
0.0007783742010780195 0.2895750714421111 0.14494999582747786 0.4704855842969475 0.5036301369757978 0.49462853564242726 -0.5294739009873172
0.007898879659302343 0.30157300129671505 0.151049993089715 -0.07121551104639705 0.7210605750651635 -0.06773946264333625 -0.6858654119241533
0.0017653084747550206 0.2906780439907596 0.15104999308955838 0.4595098534549989 0.5602237913783629 0.437081052140864 -0.5328791157578364
-0.0029960776386123576 0.3077065724759093 0.15104999308955838 0.5602237913783628 -0.45950985345499884 0.5328791157578364 0.43708105214086396
-0.00912964882315963 0.2968116151699539 0.151049993089715 0.7210605750651635 0.071215511046397 0.6858654119241533 -0.0677394626433362
0.004773480683831816 0.2987319624477221 0.14486332916140665 0.04869920987754433 0.6552061155263992 0.05587907727357721 -0.751805069055246
-0.0010757303669903376 0.2938034429676094 0.14486332916056258 0.49773622778052595 0.42886514663548037 0.5711189378828272 -0.49209398731109466
-0.006004249847689153 0.2996526540189468 0.14486332916140665 0.6552061155263992 -0.048699209877544364 0.751805069055246 0.05587907727357725
-0.00015503879686694773 0.30458117349905955 0.14486332916056258 -0.4288651466354804 0.497736227780526 -0.4920939873110947 -0.5711189378828272
-0.007021182717625859 0.29801734320492707 0.14095000262242202 0.6888038322216019 0.023436736668234544 0.7241497776377911 -0.024639392003797958
0.0005595804512687544 0.29278651009796436 0.14095000262240737 0.4704855842969475 0.5036301369757978 0.49462853564242726 -0.5294739009873172
-0.0017903496151260396 0.3055981063687046 0.14095000262240737 0.5036301369757978 -0.4704855842969475 0.5294739009873172 0.49462853564242726
0.005790413553768522 0.30036727326174184 0.14095000262242202 -0.02343673666823459 0.6888038322216019 -0.024639392003798003 -0.7241497776377911
-0.01151864125415764 0.30109633597325614 0.19100333297597932 0.7012490152458153 -0.09958155160655933 0.6989154012080386 0.09925016448656918
0.010573186750578783 0.2971218465688512 0.19100333297597932 0.0995815516065593 0.7012490152458153 0.09925016448656913 -0.6989154012080386
0.00151451743391924 0.3101550052782028 0.19100333297595512 -0.4254431484099223 0.5662727207473002 -0.4240273601845771 -0.5643882803738948
-0.0024599719374981347 0.28806317726390457 0.19100333297595512 0.5662727207473002 0.4254431484099223 0.5643882803738948 -0.4240273601845771
-0.0011493929301790253 0.3088681363903721 0.1549500011918959 0.5036301369757978 -0.4704855842969475 0.5294739009873172 0.49462853564242726
-0.01029121273929334 0.2986582998898741 0.15495000119191055 0.6888038322216019 0.023436736668234544 0.7241497776377911 -0.024639392003797958
-8.137623367825947e-05 0.2895164800762969 0.1549500011918959 0.4704855842969475 0.5036301369757978 0.49462853564242726 -0.5294739009873172
0.009060443575436002 0.2997263165767948 0.15495000119191055 -0.02343673666823459 0.6888038322216019 -0.024639392003798003 -0.7241497776377911
-0.0012641350611898997 0.292543043149189 0.12486333333288772 0.49773622778052595 0.42886514663548037 0.5711189378828272 -0.49209398731109466
-0.007494693204038444 0.30024526768121884 0.12486333333373179 0.6552061155263992 -0.048699209877544364 0.751805069055246 0.05587907727357725
0.006438089470324699 0.2987736012914515 0.12486333333373179 0.04869920987754433 0.6552061155263992 0.05587907727357721 -0.751805069055246
0.00020753132747614419 0.3064758258234813 0.12486333333288772 -0.4288651466354804 0.497736227780526 -0.4920939873110947 -0.5711189378828272
-0.0012295793381921305 0.31004511950842933 0.16094999845008223 0.5036301369757978 -0.4704855842969475 0.5294739009873172 0.49462853564242726
0.010237426693493253 0.29980650298480793 0.1609499984500969 -0.02343673666823459 0.6888038322216019 -0.024639392003798003 -0.7241497776377911
-0.01146819585735059 0.298578113481861 0.1609499984500969 0.6888038322216019 0.023436736668234544 0.7241497776377911 -0.024639392003797958
-1.1898256651540773e-06 0.2883394969582396 0.16094999845008223 0.4704855842969475 0.5036301369757978 0.49462853564242726 -0.5294739009873172
0.0020561155099939107 0.2986687963454278 0.14100333595621156 0.0995815516065593 0.7012490152458153 0.09925016448656913 -0.6989154012080386
-9.187271051575946e-05 0.30186380833003795 0.14100333595618736 -0.4254431484099223 0.5662727207473002 -0.4240273601845771 -0.5643882803738948
-0.0032868846738512477 0.2997158201212411 0.14100333595621156 0.7012490152458153 -0.09958155160655933 0.6989154012080386 0.09925016448656918
-0.0011388964533415261 0.296520808136631 0.14100333595618736 0.5662727207473002 0.4254431484099223 0.5643882803738948 -0.4240273601845771
-0.010299860143189081 0.3000700279207152 0.1550900011961065 0.7378426083671986 -0.02425463429303667 0.6741727219818747 0.022161654467788124
0.009069090979331744 0.2983145885459537 0.1550900011961065 0.024254634293036623 0.7378426083671986 0.022161654467788082 -0.6741727219818747
-0.0014931042670335267 0.2895078326719036 0.15509000119587826 0.5388841275444328 0.5045828960372719 0.4923827591214791 -0.4610414478409017
0.0002623351031762419 0.30887678379476535 0.15509000119587826 -0.5045828960372719 0.5388841275444328 -0.4610414478409017 -0.4923827591214791
-9.187271051575946e-05 0.30186380833003795 0.1510033264194442 -0.4254431484099223 0.5662727207473002 -0.4240273601845771 -0.5643882803738948
-0.0032868846738512477 0.2997158201212411 0.1510033264194684 0.7012490152458153 -0.09958155160655933 0.6989154012080386 0.09925016448656918
-0.0011388964533415261 0.296520808136631 0.1510033264194442 0.5662727207473002 0.4254431484099223 0.5643882803738948 -0.4240273601845771
0.0020561155099939107 0.2986687963454278 0.1510033264194684 0.0995815516065593 0.7012490152458153 0.09925016448656913 -0.6989154012080386
-0.0006905342443909142 0.29050805821587944 0.1310899972619717 0.5388841275444328 0.5045828960372719 0.4923827591214791 -0.4610414478409017
-0.009529678137142132 0.29967166686614505 0.13108999726219994 0.7378426083671986 -0.02425463429303667 0.6741727219818747 0.022161654467788124
0.008473074403428387 0.29934720210652527 0.13108999726219994 0.024254634293036623 0.7378426083671986 0.022161654467788082 -0.6741727219818747
-0.00036606948932284094 0.3085108107567909 0.1310899972619717 -0.5045828960372719 0.5388841275444328 -0.4610414478409017 -0.4923827591214791
-0.00720584968403864 0.3002343562364065 0.150863326419593 0.6552061155263992 -0.048699209877544364 0.751805069055246 0.05587907727357725
0.00042666342059273103 0.30578277333540904 0.15086332641874892 -0.4288651466354804 0.497736227780526 -0.4920939873110947 -0.5711189378828272
-0.0016574325844500163 0.2926018431312599 0.15086332641874892 0.49773622778052595 0.42886514663548037 0.5711189378828272 -0.49209398731109466
0.005975080520181303 0.2981502602302624 0.150863326419593 0.04869920987754433 0.6552061155263992 0.05587907727357721 -0.751805069055246
0.002460324478066383 0.29889883988335675 0.1250033333336072 0.0995815516065593 0.7012490152458153 0.09925016448656913 -0.6989154012080386
-0.0011388964533415261 0.296520808136631 0.125003333333583 0.5662727207473002 0.4254431484099223 0.5643882803738948 -0.4240273601845771
8.229271962777027e-05 0.3024980608360393 0.125003333333583 -0.4254431484099223 0.5662727207473002 -0.4240273601845771 -0.5643882803738948
-0.003516928211780129 0.30012002908931357 0.1250033333336072 0.7012490152458153 -0.09958155160655933 0.6989154012080386 0.09925016448656918
-0.002168661711685777 0.2998933774976285 0.14500332916128206 0.0995815516065593 0.7012490152458153 0.09925016448656913 -0.6989154012080386
0.0009378925478284396 0.2984912389690404 0.14500332916128206 0.7012490152458153 -0.09958155160655933 0.6989154012080386 0.09925016448656918
8.568469885917267e-05 0.3007455853583107 0.14500332916125785 0.5662727207473002 0.4254431484099223 0.5643882803738948 -0.4240273601845771
-0.001316453862716459 0.29763903110835827 0.14500332916125785 -0.4254431484099223 0.5662727207473002 -0.4240273601845771 -0.5643882803738948
-0.007276145727474165 0.29952335002084723 0.11109000143452508 0.7378426083671986 -0.02425463429303667 0.6741727219818747 0.022161654467788124
-0.0005143863346206547 0.3062572783471229 0.11109000143429684 -0.5045828960372719 0.5388841275444328 -0.4610414478409017 -0.4923827591214791
-0.0005422173990931008 0.2927615906255474 0.11109000143429684 0.5388841275444328 0.5045828960372719 0.4923827591214791 -0.4610414478409017
0.006219541993760419 0.2994955189518231 0.11109000143452508 0.024254634293036623 0.7378426083671986 0.022161654467788082 -0.6741727219818747
-0.008363469382972338 0.3001817855868869 0.18500333571779298 0.7012490152458153 -0.09958155160655933 0.6989154012080386 0.09925016448656918
0.0005999670475500113 0.3069998334070175 0.18500333571776878 -0.4254431484099223 0.5662727207473002 -0.4240273601845771 -0.5643882803738948
-0.0015454215511289063 0.29121834913508987 0.18500333571776878 0.5662727207473002 0.4254431484099223 0.5643882803738948 -0.4240273601845771
0.0074180148793934805 0.29803639695522044 0.18500333571779298 0.0995815516065593 0.7012490152458153 0.09925016448656913 -0.6989154012080386
-0.013889430665497431 0.30030627675104854 0.16108999845429284 0.7378426083671986 -0.02425463429303667 0.6741727219818747 0.022161654467788124
0.012658661501640094 0.29807833971562037 0.16108999845429284 0.024254634293036623 0.7378426083671986 0.022161654467788082 -0.6741727219818747
0.0004985839335095944 0.3124663543170737 0.1610899984540646 -0.5045828960372719 0.5388841275444328 -0.4610414478409017 -0.4923827591214791
-0.0017293530973668788 0.28591826214959526 0.1610899984540646 0.5388841275444328 0.5045828960372719 0.4923827591214791 -0.4610414478409017
-0.005592094798626717 0.3005718594544864 0.11086333476424326 0.04869920987754433 0.6552061155263992 0.05587907727357721 -0.751805069055246
0.0005341231018450162 0.3045732274181404 0.1108633347633992 0.49773622778052595 0.42886514663548037 0.5711189378828272 -0.49209398731109466
0.004535491064912972 0.2984470095181839 0.11086333476424326 0.6552061155263992 -0.048699209877544364 0.751805069055246 0.05587907727357725
-0.0015907268355587732 0.2944456415545299 0.1108633347633992 -0.4288651466354804 0.497736227780526 -0.4920939873110947 -0.5711189378828272
-0.0025720524756750033 0.2901567588226075 0.13098999725830032 0.5434677663168533 0.44681404077263287 0.5489298910756042 -0.45130474695789274
-0.00988097753108347 0.30155318509262197 0.13098999725830637 0.700234981171117 -0.06834450383392908 0.7072726954159102 0.0690314005297052
0.008824373797369714 0.29746568388004835 0.13098999725830637 0.06834450383392911 0.700234981171117 0.06903140052970524 -0.7072726954159102
0.0015154487419612576 0.3088621101500628 0.13098999725830032 -0.4468140407726327 0.5434677663168533 -0.4513047469578926 -0.5489298910756041
0.0030876240572018047 0.29820565455899817 0.1250033333336072 0.7012490152458153 -0.09958155160655933 0.6989154012080386 0.09925016448656918
-0.00183208181068763 0.2958935085670574 0.125003333333583 -0.4254431484099223 0.5662727207473002 -0.4240273601845771 -0.5643882803738948
-0.00414422779091555 0.30081321441367215 0.1250033333336072 0.0995815516065593 0.7012490152458153 0.09925016448656913 -0.6989154012080386
0.000775478076973873 0.30312536040561294 0.125003333333583 0.5662727207473002 0.4254431484099223 0.5643882803738948 -0.4240273601845771
-0.00830846896124328 0.29993896336045084 0.16309000250740868 0.7378426083671986 -0.02425463429303667 0.6741727219818747 0.022161654467788124
-0.0013620397067691777 0.2914992238538494 0.16309000250718045 0.5388841275444328 0.5045828960372719 0.4923827591214791 -0.4610414478409017
0.0001312705429118927 0.30688539261281955 0.16309000250718045 -0.5045828960372719 0.5388841275444328 -0.4610414478409017 -0.4923827591214791
0.007077699797385944 0.29844565310621807 0.16309000250740868 0.024254634293036623 0.7378426083671986 0.022161654467788082 -0.6741727219818747
-0.007494693204038444 0.30024526768121884 0.13486333869814982 0.6552061155263992 -0.048699209877544364 0.751805069055246 0.05587907727357725
-0.0012641350611898997 0.292543043149189 0.13486333869730574 0.49773622778052595 0.42886514663548037 0.5711189378828272 -0.49209398731109466
0.006438089470324699 0.2987736012914515 0.13486333869814982 0.04869920987754433 0.6552061155263992 0.05587907727357721 -0.751805069055246
0.00020753132747614419 0.3064758258234813 0.13486333869730574 -0.4288651466354804 0.497736227780526 -0.4920939873110947 -0.5711189378828272
-0.0006260312478045228 0.3008993642699077 0.13086333059107405 -0.4288651466354804 0.497736227780526 -0.4920939873110947 -0.5711189378828272
0.0008616279167510898 0.29960716386673214 0.13086333059191813 0.04869920987754433 0.6552061155263992 0.05587907727357721 -0.751805069055246
-0.0019182316504648355 0.2994117051059382 0.13086333059191813 0.6552061155263992 -0.048699209877544364 0.751805069055246 0.05587907727357725
-0.0004305724859092333 0.2981195047027626 0.13086333059107405 0.49773622778052595 0.42886514663548037 0.5711189378828272 -0.49209398731109466
-0.0012641350611898997 0.292543043149189 0.10486333005463226 0.49773622778052595 0.42886514663548037 0.5711189378828272 -0.49209398731109466
0.006630034403586943 0.29887048092656887 0.10486333005547632 0.04869920987754433 0.6552061155263992 0.05587907727357721 -0.751805069055246
0.0003025966256210107 0.30676465039186096 0.10486333005463226 -0.4288651466354804 0.497736227780526 -0.4920939873110947 -0.5711189378828272
-0.007591572839155842 0.3004372126144811 0.10486333005547632 0.6552061155263992 -0.048699209877544364 0.751805069055246 0.05587907727357725
0.003317667595130686 0.2978014455909257 0.1510033264194684 0.7012490152458153 -0.09958155160655933 0.6989154012080386 0.09925016448656918
-0.004548436758988023 0.3005831708757432 0.1510033264194684 0.0995815516065593 0.7012490152458153 0.09925016448656913 -0.6989154012080386
0.000775478076973873 0.30312536040561294 0.1510033264194442 0.5662727207473002 0.4254431484099223 0.5643882803738948 -0.4240273601845771
-0.0020062472408311598 0.295259256061056 0.1510033264194442 -0.4254431484099223 0.5662727207473002 -0.4240273601845771 -0.5643882803738948
-0.010400622950912071 0.3012507649626799 0.19487665951372887 0.6574667063192892 -0.0779157443960644 0.7442362877471321 0.08819872367126817
0.001668946451532068 0.3090369869673519 0.194876659513628 -0.409804412318807 0.5199939199036149 -0.4638886064118697 -0.588620444555372
-0.0026144009551109255 0.28918119557475547 0.194876659513628 0.519993919903615 0.409804412318807 0.588620444555372 -0.4638886064118697
0.009455168447333176 0.29696741757942746 0.19487665951372887 0.07791574439606437 0.6574667063192892 0.08819872367126813 -0.7442362877471321
-0.0012641350611898997 0.292543043149189 0.1108633347633992 0.49773622778052595 0.42886514663548037 0.5711189378828272 -0.49209398731109466
0.00020753132747614419 0.3064758258234813 0.1108633347633992 -0.4288651466354804 0.497736227780526 -0.4920939873110947 -0.5711189378828272
0.006438089470324699 0.2987736012914515 0.11086333476424326 0.04869920987754433 0.6552061155263992 0.05587907727357721 -0.751805069055246
-0.007494693204038444 0.30024526768121884 0.11086333476424326 0.6552061155263992 -0.048699209877544364 0.751805069055246 0.05587907727357725
-0.008356748723511347 0.29920540387492595 0.14109000262661797 0.7378426083671986 -0.02425463429303667 0.6741727219818747 0.022161654467788124
0.007125979559654011 0.29917921259174296 0.14109000262661797 0.024254634293036623 0.7378426083671986 0.022161654467788082 -0.6741727219818747
-0.0006284802212442849 0.29145094409158134 0.14109000262638974 0.5388841275444328 0.5045828960372719 0.4923827591214791 -0.4610414478409017
-0.0006022889426130001 0.3069336723750876 0.14109000262638974 -0.5045828960372719 0.5388841275444328 -0.4610414478409017 -0.4923827591214791
-0.0011388964533415261 0.296520808136631 0.10500333005532753 0.5662727207473002 0.4254431484099223 0.5643882803738948 -0.4240273601845771
0.0001773580177726368 0.30278688540441895 0.10500333005532753 -0.4254431484099223 0.5662727207473002 -0.4240273601845771 -0.5643882803738948
0.002652269411328628 0.29899571951847415 0.10500333005535173 0.0995815516065593 0.7012490152458153 0.09925016448656913 -0.6989154012080386
-0.003613807846897526 0.3003119740225758 0.10500333005535173 0.7012490152458153 -0.09958155160655933 0.6989154012080386 0.09925016448656918
-0.0032868846738512477 0.2997158201212411 0.16100333178388643 0.7012490152458153 -0.09958155160655933 0.6989154012080386 0.09925016448656918
-0.0011388964533415261 0.296520808136631 0.16100333178386222 0.5662727207473002 0.4254431484099223 0.5643882803738948 -0.4240273601845771
-9.187271051575946e-05 0.30186380833003795 0.16100333178386222 -0.4254431484099223 0.5662727207473002 -0.4240273601845771 -0.5643882803738948
0.0020561155099939107 0.2986687963454278 0.16100333178388643 0.0995815516065593 0.7012490152458153 0.09925016448656913 -0.6989154012080386
-0.0012545910979608304 0.29669434598797106 0.13486333869730574 -0.4288651466354804 0.497736227780526 -0.4920939873110947 -0.5711189378828272
0.0001979873642470739 0.30232452298469925 0.13486333869730574 0.49773622778052595 0.42886514663548037 0.5711189378828272 -0.49209398731109466
0.00228678663147181 0.29878314525578187 0.13486333869814982 0.6552061155263992 -0.048699209877544364 0.751805069055246 0.05587907727357725
-0.0033433903651855557 0.30023572371688845 0.13486333869814982 0.04869920987754433 0.6552061155263992 0.05587907727357721 -0.751805069055246
8.229271962777027e-05 0.3024980608360393 0.13500333869800102 -0.4254431484099223 0.5662727207473002 -0.4240273601845771 -0.5643882803738948
-0.0011388964533415261 0.296520808136631 0.13500333869800102 0.5662727207473002 0.4254431484099223 0.5643882803738948 -0.4240273601845771
-0.003516928211780129 0.30012002908931357 0.13500333869802522 0.7012490152458153 -0.09958155160655933 0.6989154012080386 0.09925016448656918
0.002460324478066383 0.29889883988335675 0.13500333869802522 0.0995815516065593 0.7012490152458153 0.09925016448656913 -0.6989154012080386
0.00228678663147181 0.29878314525578187 0.12086333267808069 0.6552061155263992 -0.048699209877544364 0.751805069055246 0.05587907727357725
0.0001979873642470739 0.30232452298469925 0.12086333267723663 0.49773622778052595 0.42886514663548037 0.5711189378828272 -0.49209398731109466
-0.0012545910979608304 0.29669434598797106 0.12086333267723663 -0.4288651466354804 0.497736227780526 -0.4920939873110947 -0.5711189378828272
-0.0033433903651855557 0.30023572371688845 0.12086333267808069 0.04869920987754433 0.6552061155263992 0.05587907727357721 -0.751805069055246
0.00042666342059273103 0.30578277333540904 0.16086333178316695 -0.4288651466354804 0.497736227780526 -0.4920939873110947 -0.5711189378828272
0.005975080520181303 0.2981502602302624 0.16086333178401102 0.04869920987754433 0.6552061155263992 0.05587907727357721 -0.751805069055246
-0.00720584968403864 0.3002343562364065 0.16086333178401102 0.6552061155263992 -0.048699209877544364 0.751805069055246 0.05587907727357725
-0.0016574325844500163 0.2926018431312599 0.16086333178316695 0.49773622778052595 0.42886514663548037 0.5711189378828272 -0.49209398731109466
0.002460324478066383 0.29889883988335675 0.11100333476411867 0.0995815516065593 0.7012490152458153 0.09925016448656913 -0.6989154012080386
8.229271962777027e-05 0.3024980608360393 0.11100333476409446 -0.4254431484099223 0.5662727207473002 -0.4240273601845771 -0.5643882803738948
-0.003516928211780129 0.30012002908931357 0.11100333476411867 0.7012490152458153 -0.09958155160655933 0.6989154012080386 0.09925016448656918
-0.0011388964533415261 0.296520808136631 0.11100333476409446 0.5662727207473002 0.4254431484099223 0.5643882803738948 -0.4240273601845771
-0.0004194976027833818 0.30769899549495006 0.11708999869248318 -0.5045828960372719 0.5388841275444328 -0.4610414478409017 -0.4923827591214791
-0.0006371061309303734 0.29131987347772026 0.11708999869248318 0.5388841275444328 0.5045828960372719 0.4923827591214791 -0.4610414478409017
-0.008717862875301312 0.2996182387526845 0.11708999869271142 0.7378426083671986 -0.02425463429303667 0.6741727219818747 0.022161654467788124
0.007661259141587567 0.2994006302199858 0.11708999869271142 0.024254634293036623 0.7378426083671986 0.022161654467788082 -0.6741727219818747
-0.01170071000347596 0.3007368617548826 0.09709000286503655 0.7378426083671986 -0.02425463429303667 0.6741727219818747 0.022161654467788124
0.010739171567907062 0.29857083178616733 0.09709000286503655 0.024254634293036623 0.7378426083671986 0.022161654467788082 -0.6741727219818747
0.0006022457642973563 0.31087378755638695 0.09709000286480832 -0.5045828960372719 0.5388841275444328 -0.4610414478409017 -0.4923827591214791
-0.0015637841998662446 0.288433905984663 0.09709000286480832 0.5388841275444328 0.5045828960372719 0.4923827591214791 -0.4610414478409017
-0.013663556373077384 0.30036571711890697 0.17109000381871087 0.7378426083671986 -0.02425463429303667 0.6741727219818747 0.022161654467788124
0.0007838985937879844 0.3122999203925121 0.17109000381848263 -0.5045828960372719 0.5388841275444328 -0.4610414478409017 -0.4923827591214791
-0.0017293530973668788 0.28591826214959526 0.17109000381848263 0.5388841275444328 0.5045828960372719 0.4923827591214791 -0.4610414478409017
0.012718101869498526 0.2978524654232004 0.17109000381871087 0.024254634293036623 0.7378426083671986 0.022161654467788082 -0.6741727219818747
-0.0011422884325729293 0.2982732836143596 0.11500333541974556 -0.4254431484099223 0.5662727207473002 -0.4240273601845771 -0.5643882803738948
-0.001764452743613304 0.30012342103555745 0.11500333541976976 0.0995815516065593 0.7012490152458153 0.09925016448656913 -0.6989154012080386
8.568469885917267e-05 0.3007455853583107 0.11500333541974556 0.5662727207473002 0.4254431484099223 0.5643882803738948 -0.4240273601845771
0.0007078490098995584 0.29889544793711287 0.11500333541976976 0.7012490152458153 -0.09958155160655933 0.6989154012080386 0.09925016448656918
-0.0006371061309303734 0.29131987347772026 0.10309000012299466 0.5388841275444328 0.5045828960372719 0.4923827591214791 -0.4610414478409017
0.007853204074849811 0.2994975098551032 0.10309000012322289 0.024254634293036623 0.7378426083671986 0.022161654467788082 -0.6741727219818747
-0.0003244323046385153 0.3079878200633297 0.10309000012299466 -0.5045828960372719 0.5388841275444328 -0.4610414478409017 -0.4923827591214791
-0.00881474251041871 0.29981018368594675 0.10309000012322289 0.7378426083671986 -0.02425463429303667 0.6741727219818747 0.022161654467788124
-0.014036683351833295 0.2999683002074947 0.13509000536843163 0.7378426083671986 -0.02425463429303667 0.6741727219818747 0.022161654467788124
-0.0009871675857405756 0.2860010530011883 0.1350900053682034 0.5388841275444328 0.5045828960372719 0.4923827591214791 -0.4610414478409017
0.012980079618119549 0.2990505687651756 0.13509000536843163 0.024254634293036623 0.7378426083671986 0.022161654467788082 -0.6741727219818747
-6.943614797317904e-05 0.31301781597148204 0.1350900053682034 -0.5045828960372719 0.5388841275444328 -0.4610414478409017 -0.4923827591214791
-0.008993750971945762 0.29763770522516486 0.11105000143436528 0.7210605750651635 0.071215511046397 0.6858654119241533 -0.0677394626433362
0.0013434273876165447 0.2910439853799024 0.11105000143420864 0.4595098534549989 0.5602237913783629 0.437081052140864 -0.5328791157578364
-0.0024000311213302904 0.3079748835927679 0.11105000143420864 0.5602237913783628 -0.45950985345499884 0.5328791157578364 0.43708105214086396
0.007937147238232006 0.30138116374750545 0.11105000143436528 -0.07121551104639705 0.7210605750651635 -0.06773946264333625 -0.6858654119241533
-0.002087650638352202 0.30247481142310156 0.1311366639371182 0.6311073632708251 -0.4123552297367941 0.5500167745024852 0.359371963708836
0.0010310469046384565 0.29654405754956875 0.1311366639371182 0.41235522973679417 0.6311073632708251 0.35937196370883606 -0.5500167745024852
0.0024370750721268786 0.301068783252678 0.1311366639373991 -0.15468111573328816 0.7378394757952937 -0.1348062359860638 -0.643034943943874
-0.0034936788058406347 0.2979500857199923 0.1311366639373991 0.7378394757952937 0.15468111573328813 0.643034943943874 -0.13480623598606378
-0.0034936788058406347 0.2979500857199923 0.11113666810972421 0.7378394757952937 0.15468111573328813 0.643034943943874 -0.13480623598606378
0.0024370750721268786 0.301068783252678 0.11113666810972421 -0.15468111573328816 0.7378394757952937 -0.1348062359860638 -0.643034943943874
0.0010310469046384565 0.29654405754956875 0.11113666810944335 0.41235522973679417 0.6311073632708251 0.35937196370883606 -0.5500167745024852
-0.002087650638352202 0.30247481142310156 0.11113666810944335 0.6311073632708251 -0.4123552297367941 0.5500167745024852 0.359371963708836
-0.009489027100935627 0.3011229295936867 0.09486333214163889 0.6552061155263992 -0.048699209877544364 0.751805069055246 0.05587907727357725
0.008527488665366728 0.29818476394736326 0.09486333214163889 0.04869920987754433 0.6552061155263992 0.05587907727357721 -0.751805069055246
0.0009883136048266193 0.30866210465364075 0.09486333214079483 -0.4288651466354804 0.497736227780526 -0.4920939873110947 -0.5711189378828272
-0.001949852040395508 0.2906455888874092 0.09486333214079483 0.49773622778052595 0.42886514663548037 0.5711189378828272 -0.49209398731109466
-0.0017370165125427635 0.296182333135437 0.10500333005532753 -0.4254431484099223 0.5662727207473002 -0.4240273601845771 -0.5643882803738948
-0.003952282857653306 0.30091009404878954 0.10500333005535173 0.0995815516065593 0.7012490152458153 0.09925016448656913 -0.6989154012080386
0.000775478076973873 0.30312536040561294 0.10500333005532753 0.5662727207473002 0.4254431484099223 0.5643882803738948 -0.4240273601845771
0.0029907444220844074 0.2983975994922604 0.10500333005535173 0.7012490152458153 -0.09958155160655933 0.6989154012080386 0.09925016448656918
0.009406061177694266 0.30081611054948004 0.13495000536423568 -0.02343673666823459 0.6888038322216019 -0.024639392003798003 -0.7241497776377911
0.0007783742010780195 0.2895750714421111 0.13495000536422103 0.4704855842969475 0.5036301369757978 0.49462853564242726 -0.5294739009873172
-0.010462664911408012 0.2982027584231903 0.13495000536423568 0.6888038322216019 0.023436736668234544 0.7241497776377911 -0.024639392003797958
-0.0018349779347917746 0.30944379753055923 0.13495000536422103 0.5036301369757978 -0.4704855842969475 0.5294739009873172 0.49462853564242726
-0.001949852040395508 0.2906455888874092 0.16886333309446913 0.49773622778052595 0.42886514663548037 0.5711189378828272 -0.49209398731109466
0.0007190828765382231 0.30773902757925975 0.16886333309446913 -0.4288651466354804 0.497736227780526 -0.4920939873110947 -0.5711189378828272
0.007931334764032011 0.29785784077431693 0.1688633330953132 0.04869920987754433 0.6552061155263992 0.05587907727357721 -0.751805069055246
-0.009162103927889348 0.300526775692352 0.1688633330953132 0.6552061155263992 -0.048699209877544364 0.751805069055246 0.05587907727357725
0.002652269411328628 0.29899571951847415 0.0950033321415143 0.0995815516065593 0.7012490152458153 0.09925016448656913 -0.6989154012080386
0.0001773580177726368 0.30278688540441895 0.0950033321414901 -0.4254431484099223 0.5662727207473002 -0.4240273601845771 -0.5643882803738948
-0.003613807846897526 0.3003119740225758 0.0950033321415143 0.7012490152458153 -0.09958155160655933 0.6989154012080386 0.09925016448656918
-0.0011388964533415261 0.296520808136631 0.0950033321414901 0.5662727207473002 0.4254431484099223 0.5643882803738948 -0.4240273601845771
0.0010310469046384565 0.29654405754956875 0.12313667007639663 0.41235522973679417 0.6311073632708251 0.35937196370883606 -0.5500167745024852
0.0024370750721268786 0.301068783252678 0.12313667007667749 -0.15468111573328816 0.7378394757952937 -0.1348062359860638 -0.643034943943874
-0.0034936788058406347 0.2979500857199923 0.12313667007667749 0.7378394757952937 0.15468111573328813 0.643034943943874 -0.13480623598606378
-0.002087650638352202 0.30247481142310156 0.12313667007639663 0.6311073632708251 -0.4123552297367941 0.5500167745024852 0.359371963708836
0.012469945255818165 0.2980005748690542 0.08110333357064557 0.0568601464350353 0.7405630222073514 0.05125899845958168 -0.6676120497440269
-0.002134041121889306 0.2867031322973416 0.0811033335707631 0.563863330508629 0.4834509392688952 0.5083185937074872 -0.4358274212563754
0.0011725026863204076 0.31260456124370833 0.0811033335707631 -0.4834509392688953 0.563863330508629 -0.4358274212563755 -0.5083185937074872
-0.013431483691387055 0.3013071186719958 0.08110333357064557 0.7405630222073514 -0.056860146435035334 0.6676120497440269 0.05125899845958171
0.007860108234859813 0.3017673720433276 0.13104999726204014 -0.07121551104639705 0.7210605750651635 -0.06773946264333625 -0.6858654119241533
-0.002786239417152434 0.30789784458939573 0.13104999726188352 0.5602237913783628 -0.45950985345499884 0.5328791157578364 0.43708105214086396
0.0017296356834386882 0.2911210243832746 0.13104999726188352 0.4595098534549989 0.5602237913783629 0.437081052140864 -0.5328791157578364
-0.00891671196857357 0.2972514969293427 0.13104999726204014 0.7210605750651635 0.071215511046397 0.6858654119241533 -0.0677394626433362
-0.0016574325844500163 0.2926018431312599 0.0808633335713063 0.49773622778052595 0.42886514663548037 0.5711189378828272 -0.49209398731109466
0.0006958941488811273 0.30670585040979004 0.0808633335713063 -0.4288651466354804 0.497736227780526 -0.4920939873110947 -0.5711189378828272
0.0065712344215160205 0.29847718340330875 0.08086333357215036 0.04869920987754433 0.6552061155263992 0.05587907727357721 -0.751805069055246
-0.007532772857084919 0.3008305101377412 0.08086333357215036 0.6552061155263992 -0.048699209877544364 0.751805069055246 0.05587907727357725
-0.00891671196857357 0.2972514969293427 0.1250500000038538 0.7210605750651635 0.071215511046397 0.6858654119241533 -0.0677394626433362
0.0017296356834386882 0.2911210243832746 0.12505000000369718 0.4595098534549989 0.5602237913783629 0.437081052140864 -0.5328791157578364
0.007860108234859813 0.3017673720433276 0.1250500000038538 -0.07121551104639705 0.7210605750651635 -0.06773946264333625 -0.6858654119241533
-0.002786239417152434 0.30789784458939573 0.12505000000369718 0.5602237913783628 -0.45950985345499884 0.5328791157578364 0.43708105214086396
0.0009883136048266193 0.30866210465364075 0.08686333082949264 -0.4288651466354804 0.497736227780526 -0.4920939873110947 -0.5711189378828272
-0.001949852040395508 0.2906455888874092 0.08686333082949264 0.49773622778052595 0.42886514663548037 0.5711189378828272 -0.49209398731109466
-0.009489027100935627 0.3011229295936867 0.0868633308303367 0.6552061155263992 -0.048699209877544364 0.751805069055246 0.05587907727357725
0.008527488665366728 0.29818476394736326 0.0868633308303367 0.04869920987754433 0.6552061155263992 0.05587907727357721 -0.751805069055246
-0.008898685673800895 0.2979265297935445 0.09104999815610981 0.7210605750651635 0.071215511046397 0.6858654119241533 -0.0677394626433362
0.007937147238232006 0.30138116374750545 0.09104999815610981 -0.07121551104639705 0.7210605750651635 -0.06773946264333625 -0.6858654119241533
-0.0022080861880680457 0.3080717632278853 0.09104999815595317 0.5602237913783628 -0.45950985345499884 0.5328791157578364 0.43708105214086396
0.0012465477524991474 0.29123593031316464 0.09104999815595317 0.4595098534549989 0.5602237913783629 0.437081052140864 -0.5328791157578364
0.011394494834890094 0.2985276989781079 0.08509000089808327 0.024254634293036623 0.7378426083671986 0.022161654467788082 -0.6741727219818747
0.0006453785723568102 0.31152911082337 0.08509000089785504 -0.5045828960372719 0.5388841275444328 -0.4610414478409017 -0.4923827591214791
-0.012356033270458993 0.3007799945629421 0.08509000089808327 0.7378426083671986 -0.02425463429303667 0.6741727219818747 0.022161654467788124
-0.0016069170079256985 0.28777858271768 0.08509000089785504 0.5388841275444328 0.5045828960372719 0.4923827591214791 -0.4610414478409017
-0.003151445431923311 0.30033260335200584 0.10086333685040583 0.04869920987754433 0.6552061155263992 0.05587907727357721 -0.751805069055246
0.0021899069963544127 0.2989750901890441 0.10086333685040583 0.6552061155263992 -0.048699209877544364 0.751805069055246 0.05587907727357725
0.0001979873642470739 0.30232452298469925 0.10086333684956177 0.49773622778052595 0.42886514663548037 0.5711189378828272 -0.49209398731109466
-0.001159525799815964 0.2969831705563507 0.10086333684956177 -0.4288651466354804 0.497736227780526 -0.4920939873110947 -0.5711189378828272
0.0022757681395583285 0.30143660351558693 0.09113666483146875 -0.15468111573328816 0.7378394757952937 -0.1348062359860638 -0.643034943943874
-0.002263525967998893 0.3024103841256504 0.09113666483118789 0.6311073632708251 -0.4123552297367941 0.5500167745024852 0.359371963708836
0.0013019875324299947 0.29689730941539955 0.09113666483118789 0.41235522973679417 0.6311073632708251 0.35937196370883606 -0.5500167745024852
-0.003237306575127218 0.297871090025463 0.09113666483146875 0.7378394757952937 0.15468111573328813 0.643034943943874 -0.13480623598606378
-0.0005469047786175111 0.3116075803382168 0.09108999815604138 -0.5045828960372719 0.5388841275444328 -0.4610414478409017 -0.4923827591214791
0.011472964349736896 0.2997199823290822 0.09108999815626961 0.024254634293036623 0.7378426083671986 0.022161654467788082 -0.6741727219818747
-0.012434502785305794 0.29958771121196776 0.09108999815626961 0.7378426083671986 -0.02425463429303667 0.6741727219818747 0.022161654467788124
-0.00041463365695137717 0.2877001132028332 0.09108999815604138 0.5388841275444328 0.5045828960372719 0.4923827591214791 -0.4610414478409017
-0.01086949228013334 0.2970323930688285 0.08113666691763131 0.7378394757952937 0.15468111573328813 0.643034943943874 -0.13480623598606378
-0.0031022229246334145 0.31004256983065653 0.08113666691735046 0.6311073632708251 -0.4123552297367941 0.5500167745024852 0.359371963708836
0.0021406844890645162 0.2892651237103934 0.08113666691735046 0.41235522973679417 0.6311073632708251 0.35937196370883606 -0.5500167745024852
0.00990795384456445 0.30227530047222145 0.08113666691763131 -0.15468111573328816 0.7378394757952937 -0.1348062359860638 -0.643034943943874
