0.2874790924058114 0.0089790317574867 0.05108333238121742 0.2890935783515853 0.6768246230758339 -0.26592741457923813 0.6225881003756283
0.2898116605897684 -0.013451147781004234 0.051083332381201635 -0.2741672482996827 0.683007311379428 0.25219718788899725 0.6282753464707231
0.3099092645029287 0.011311612979759498 0.051083332381201635 -0.683007311379428 -0.2741672482996827 0.6282753464707231 -0.25219718788899725
0.31224183268688577 -0.011118566558731436 0.05108333238121742 -0.6768246230758339 0.2890935783515853 0.6225881003756283 0.26592741457923813
0.2835917030361799 -0.001785732264269952 0.050963332378528015 0.0067711838052552835 0.6939890612762152 -0.00702418394203513 0.7199194362835203
0.29914451456831764 0.015198989315473725 0.05096333237854105 -0.4955123225340341 -0.4859364200434158 0.5140267648262394 -0.5040930657473742
0.3005764403267019 -0.017338525048041033 0.05096333237854105 -0.4859364200434157 0.495512322534034 0.5040930657473741 0.5140267648262393
0.3161292220565172 -0.00035380265339010554 0.050963332378528015 -0.6939890612762152 0.0067711838052552835 0.7199194362835203 0.00702418394203513
0.2917012865797397 0.014235134637718643 0.05113666572525756 0.41235522973679417 0.6311073632708251 -0.35937196370883595 0.5500167745024852
0.30801963851295744 -0.01637466943896338 0.05113666572525756 -0.6311073632708251 0.41235522973679417 0.5500167745024852 0.35937196370883595
0.2845555577118225 -0.009228946156046474 0.05113666572553842 -0.1546811157332881 0.7378394757952937 0.13480623598606384 0.643034943943874
0.31516536738087464 0.007089410889140451 0.05113666572553842 -0.7378394757952937 -0.1546811157332881 0.643034943943874 -0.13480623598606384
0.2981055469848301 -0.0037870821381740297 0.10308333345408524 -0.27416724829968264 0.683007311379428 0.2521971878889972 0.6282753464707231
0.3015517902802365 -0.0023650434788339177 0.10308333345410103 -0.6768246230758339 0.28909357835158533 0.6225881003756283 0.26592741457923813
0.30012975162069605 0.0010811998073654602 0.10308333345408524 -0.683007311379428 -0.2741672482996827 0.6282753464707231 -0.25219718788899725
0.29668350832528967 -0.0003408388519746781 0.10308333345410103 0.2890935783515853 0.6768246230758339 -0.26592741457923813 0.6225881003756283
0.3004833244285655 -0.0073893996298848245 0.10713666745379226 0.41235522973679417 0.6311073632708251 -0.35937196370883595 0.5500167745024852
0.29775197417696064 0.004683517299076229 0.10713666745379226 -0.6311073632708251 0.4123552297367942 0.5500167745024852 0.359371963708836
0.3051541077650263 1.2733965550646722e-05 0.10713666745407312 -0.15468111573328808 0.7378394757952937 0.1348062359860638 0.643034943943874
0.2930811908404999 -0.0027186162963592163 0.10713666745407312 -0.7378394757952937 -0.1546811157332881 0.643034943943874 -0.13480623598606384
0.2977229328073668 0.005335264716296352 0.1109966680971106 -0.6154460447976027 0.34577376887576694 0.6175009622129358 0.346928275536217
0.30601526666936757 0.0017570691431305508 0.11099666809708965 -0.19068709189963812 0.6796850493220719 0.1913237784561906 0.6819544548634888
0.29414473723116036 -0.002957069158217977 0.11099666809708965 -0.6796850493220719 -0.19068709189963817 0.6819544548634889 -0.19132377845619067
0.30243707109316115 -0.006535264731383818 0.1109966680971106 0.34577376887576694 0.6154460447976028 -0.346928275536217 0.6175009622129359
0.29828399836758485 0.005663170578619809 0.11513666876509444 -0.6311073632708251 0.4123552297367942 0.5500167745024852 0.359371963708836
0.3063431725342102 0.0011960035802879082 0.1151366687653753 -0.15468111573328808 0.7378394757952937 0.1348062359860638 0.643034943943874
0.3018760055329431 -0.006863170593707274 0.11513666876509444 0.41235522973679417 0.6311073632708251 -0.35937196370883595 0.5500167745024852
0.29381683136631775 -0.0023960035953753344 0.1151366687653753 -0.7378394757952937 -0.1546811157332881 0.643034943943874 -0.13480623598606384
0.2959640122552196 0.0010666140293887924 0.08117000024097919 0.22271931453908642 0.7317076658143887 -0.1875875430438921 0.6162880109287008
0.30227128635030653 -0.003772496360197388 0.08117000024097919 -0.7317076658143887 0.22271931453908647 0.6162880109287008 0.18758754304389216
0.2966980940960104 -0.004506578205202917 0.08117000023963526 -0.3599091113622095 0.6748817912544413 0.3031370026308643 0.5684258588660765
0.30153720450951577 0.0018006958743943483 0.08117000023963526 -0.6748817912544413 -0.3599091113622096 0.5684258588660765 -0.3031370026308644
0.3050788388092346 0.0015186269914813982 0.12113666602356164 -0.15468111573328808 0.7378394757952937 0.1348062359860638 0.643034943943874
0.30219862894413657 -0.005598836868731688 0.12113666602328078 0.41235522973679417 0.6311073632708251 -0.35937196370883595 0.5500167745024852
0.29796137495639136 0.004398836853644223 0.12113666602328078 -0.6311073632708251 0.4123552297367942 0.5500167745024852 0.359371963708836
0.29508116509129334 -0.0027186270065688244 0.12113666602356164 -0.7378394757952937 -0.1546811157332881 0.643034943943874 -0.13480623598606384
0.3049922247561494 0.002903971401071554 0.12485666666823828 -0.21850055724160478 0.616920449170107 0.2524253953035973 0.7127047675487265
0.2965760305351055 0.004312222792900298 0.1248566666689982 -0.5907318577343603 0.28172541020789793 0.6824500813653237 0.32546666794829615
0.3035839733654224 -0.005512222807987764 0.1248566666689982 0.2817254102078979 0.5907318577343602 -0.32546666794829604 0.6824500813653236
0.29516777914437853 -0.00410397141615898 0.12485666666823828 -0.616920449170107 -0.21850055724160483 0.7127047675487265 -0.2524253953035973
0.29938402200191144 -0.0015223948964839151 0.11299666469964585 0.34577376887576694 0.6154460447976028 -0.346928275536217 0.6175009622129359
0.30100239683446767 -0.0012959799481191531 0.1129966646996249 -0.19068709189963812 0.6796850493220719 0.1913237784561906 0.6819544548634888
0.29915760706606026 9.597993303172723e-05 0.1129966646996249 -0.6796850493220719 -0.19068709189963817 0.6819544548634889 -0.19132377845619067
0.3007759818986165 0.0003223948813964497 0.11299666469964585 -0.6154460447976027 0.34577376887576694 0.6175009622129358 0.346928275536217
0.2874790924058114 0.0089790317574867 0.05108333238121742 0.6768246230758339 -0.2890935783515852 0.6225881003756283 0.2659274145792382
0.2898116605897684 -0.013451147781004234 0.051083332381201635 0.683007311379428 0.27416724829968275 0.6282753464707231 -0.2521971878889972
0.3099092645029287 0.011311612979759498 0.051083332381201635 -0.27416724829968275 0.683007311379428 -0.2521971878889972 -0.6282753464707231
0.31224183268688577 -0.011118566558731436 0.05108333238121742 0.2890935783515852 0.6768246230758339 0.2659274145792382 -0.6225881003756283
0.2835917030361799 -0.001785732264269952 0.050963332378528015 0.6939890612762152 -0.006771183805255241 0.7199194362835203 0.0070241839420351745
0.29914451456831764 0.015198989315473725 0.05096333237854105 -0.48593642004341575 0.49551232253403393 -0.5040930657473741 -0.5140267648262393
0.3005764403267019 -0.017338525048041033 0.05096333237854105 0.49551232253403393 0.48593642004341575 0.5140267648262393 -0.5040930657473741
0.3161292220565172 -0.00035380265339010554 0.050963332378528015 0.006771183805255241 0.6939890612762152 0.0070241839420351745 -0.7199194362835203
0.2917012865797397 0.014235134637718643 0.05113666572525756 0.6311073632708251 -0.4123552297367941 0.5500167745024852 0.359371963708836
0.30801963851295744 -0.01637466943896338 0.05113666572525756 0.4123552297367941 0.6311073632708251 0.359371963708836 -0.5500167745024852
0.2845555577118225 -0.009228946156046474 0.05113666572553842 0.7378394757952937 0.15468111573328816 0.643034943943874 -0.1348062359860638
0.31516536738087464 0.007089410889140451 0.05113666572553842 -0.15468111573328816 0.7378394757952937 -0.1348062359860638 -0.643034943943874
0.2981055469848301 -0.0037870821381740297 0.10308333345408524 0.683007311379428 0.2741672482996827 0.6282753464707231 -0.25219718788899714
0.3015517902802365 -0.0023650434788339177 0.10308333345410103 0.2890935783515853 0.6768246230758339 0.2659274145792382 -0.6225881003756283
0.30012975162069605 0.0010811998073654602 0.10308333345408524 -0.27416724829968275 0.683007311379428 -0.2521971878889972 -0.6282753464707231
0.29668350832528967 -0.0003408388519746781 0.10308333345410103 0.6768246230758339 -0.2890935783515852 0.6225881003756283 0.2659274145792382
0.3004833244285655 -0.0073893996298848245 0.10713666745379226 0.6311073632708251 -0.4123552297367941 0.5500167745024852 0.359371963708836
0.29775197417696064 0.004683517299076229 0.10713666745379226 0.41235522973679417 0.6311073632708251 0.35937196370883606 -0.5500167745024852
0.3051541077650263 1.2733965550646722e-05 0.10713666745407312 0.7378394757952937 0.15468111573328813 0.643034943943874 -0.13480623598606378
0.2930811908404999 -0.0027186162963592163 0.10713666745407312 -0.15468111573328816 0.7378394757952937 -0.1348062359860638 -0.643034943943874
0.2977229328073668 0.005335264716296352 0.1109966680971106 0.3457737688757669 0.6154460447976027 0.3469282755362171 -0.6175009622129358
0.30601526666936757 0.0017570691431305508 0.11099666809708965 0.6796850493220719 0.19068709189963814 0.6819544548634888 -0.19132377845619056
0.29414473723116036 -0.002957069158217977 0.11099666809708965 -0.1906870918996382 0.6796850493220719 -0.1913237784561906 -0.6819544548634889
0.30243707109316115 -0.006535264731383818 0.1109966680971106 0.6154460447976028 -0.3457737688757669 0.6175009622129359 0.3469282755362171
0.29828399836758485 0.005663170578619809 0.11513666876509444 0.41235522973679417 0.6311073632708251 0.35937196370883606 -0.5500167745024852
0.3063431725342102 0.0011960035802879082 0.1151366687653753 0.7378394757952937 0.15468111573328813 0.643034943943874 -0.13480623598606378
0.3018760055329431 -0.006863170593707274 0.11513666876509444 0.6311073632708251 -0.4123552297367941 0.5500167745024852 0.359371963708836
0.29381683136631775 -0.0023960035953753344 0.1151366687653753 -0.15468111573328816 0.7378394757952937 -0.1348062359860638 -0.643034943943874
0.2959640122552196 0.0010666140293887924 0.08117000024097919 0.7317076658143887 -0.22271931453908636 0.6162880109287008 0.18758754304389214
0.30227128635030653 -0.003772496360197388 0.08117000024097919 0.22271931453908642 0.7317076658143887 0.1875875430438922 -0.6162880109287008
0.2966980940960104 -0.004506578205202917 0.08117000023963526 0.6748817912544413 0.35990911136220954 0.5684258588660765 -0.30313700263086424
0.30153720450951577 0.0018006958743943483 0.08117000023963526 -0.35990911136220965 0.6748817912544413 -0.30313700263086435 -0.5684258588660765
0.3050788388092346 0.0015186269914813982 0.12113666602356164 0.7378394757952937 0.15468111573328813 0.643034943943874 -0.13480623598606378
0.30219862894413657 -0.005598836868731688 0.12113666602328078 0.6311073632708251 -0.4123552297367941 0.5500167745024852 0.359371963708836
0.29796137495639136 0.004398836853644223 0.12113666602328078 0.41235522973679417 0.6311073632708251 0.35937196370883606 -0.5500167745024852
0.29508116509129334 -0.0027186270065688244 0.12113666602356164 -0.15468111573328816 0.7378394757952937 -0.1348062359860638 -0.643034943943874
0.3049922247561494 0.002903971401071554 0.12485666666823828 0.616920449170107 0.2185005572416048 0.7127047675487265 -0.25242539530359726
0.2965760305351055 0.004312222792900298 0.1248566666689982 0.2817254102078978 0.5907318577343602 0.32546666794829615 -0.6824500813653236
0.3035839733654224 -0.005512222807987764 0.1248566666689982 0.5907318577343603 -0.2817254102078979 0.6824500813653237 0.32546666794829615
0.29516777914437853 -0.00410397141615898 0.12485666666823828 -0.21850055724160486 0.616920449170107 -0.25242539530359726 -0.7127047675487265
0.29938402200191144 -0.0015223948964839151 0.11299666469964585 0.6154460447976028 -0.3457737688757669 0.6175009622129359 0.3469282755362171
0.30100239683446767 -0.0012959799481191531 0.1129966646996249 0.6796850493220719 0.19068709189963814 0.6819544548634888 -0.19132377845619056
0.29915760706606026 9.597993303172723e-05 0.1129966646996249 -0.1906870918996382 0.6796850493220719 -0.1913237784561906 -0.6819544548634889
0.3007759818986165 0.0003223948813964497 0.11299666469964585 0.3457737688757669 0.6154460447976027 0.3469282755362171 -0.6175009622129358
