0.44614333163679104 0.4187010022769114 0.033499999937718294 -0.616920449170107 -0.21850055724160483 0.7127047675487265 -0.2524253953035973
0.4170089357949696 0.4475789095725245 0.04649999953563551 -0.6188279131323768 -0.2978568113043972 0.6549472284260477 -0.3152419100704137
0.16709376712877805 0.4268944994549601 0.05849999755748256 0.25690160429116593 0.642133084999924 -0.2682860161792943 0.670588756529476
0.1981909701757218 0.45254181435557195 0.0435000018923789 0.3096851598685294 0.5823187311838222 -0.3529392740676892 0.6636519162107795
0.35871937111157237 0.4802470447247621 0.0344999993733353 -0.5414982942057375 -0.3895890122453516 0.6047328746439555 -0.43508407145611067
0.36352928713101207 0.47664603011065687 0.03850000002898639 -0.5414982942057375 -0.3895890122453516 0.6047328746439555 -0.43508407145611067
0.16809023758013303 0.42404000321434426 0.06249999821313365 0.25690160429116593 0.642133084999924 -0.2682860161792943 0.670588756529476
0.46942085726015537 0.2282909330261667 0.06550000133777954 -0.7008310448445031 0.13103122145948318 0.6892462612199548 0.1288652667684818
0.14630668353759302 0.39109156668235245 0.07750000223705603 0.19429931138567036 0.6956395934461829 -0.1860544416390785 0.6661209187313175
0.18113399883348996 0.41323514143036294 0.09849999666341289 0.25690160429116593 0.642133084999924 -0.2682860161792943 0.670588756529476
0.44704723607480984 0.41252351728774517 0.03950000092119493 -0.616920449170107 -0.21850055724160483 0.7127047675487265 -0.2524253953035973
0.46110586932676334 0.39702973445330997 0.05650000001652878 -0.6796850493220719 -0.19068709189963817 0.6819544548634889 -0.19132377845619067
0.4166887694455586 0.4434306647147364 0.05649999744947294 -0.6188279131323768 -0.2978568113043972 0.6549472284260477 -0.3152419100704137
0.44430426012456875 0.41097156134940593 0.04349999785155573 -0.616920449170107 -0.21850055724160483 0.7127047675487265 -0.2524253953035973
0.45075752112325285 0.19189067878155985 0.05050000059915857 -0.652840623500824 0.19697492231095293 0.7002572043894378 0.2112814426028433
0.48176686273922154 0.33106385937275 0.07050000159135006 -0.7210605750651635 -0.071215511046397 0.6858654119241533 -0.06773946264333629
0.43511510127920994 0.17418367398523538 0.0715000017174371 -0.6845736023039356 0.25760238055685514 0.6382190022747786 0.24015932564745587
0.4762266325816454 0.3497118155090726 0.05149999689704087 -0.665340249674219 -0.11100607986744156 0.7281759846604274 -0.12148966112278105
0.4591259222366144 0.3929967649785175 0.06250000100000541 -0.6796850493220719 -0.19068709189963817 0.6819544548634889 -0.19132377845619067
0.4631058435775568 0.39702976425563236 0.05049999903305214 -0.6796850493220719 -0.19068709189963817 0.6819544548634889 -0.19132377845619067
0.1286262369824501 0.23021410400567177 0.06650000126291473 -0.13226976672058832 0.7029732401097976 0.12921865314570588 0.6867575060968929
0.12269451815777094 0.2704480145329735 0.061500001430024806 -0.05317560798556871 0.6822797703778444 0.056657140053172565 0.7269502308476945
0.4748565326427695 0.23083444203266695 0.05950000035430291 -0.7008310448445031 0.13103122145948318 0.6892462612199548 0.1288652667684818
0.1420381565066482 0.3946483844523567 0.07149999752828909 0.19429931138567036 0.6956395934461829 -0.1860544416390785 0.6661209187313175
0.42767467301539397 0.1622020154452785 0.031499999613176004 -0.5977859009637061 0.2536112832262681 0.7000839885090754 0.2970113510668587
0.43935555468976956 0.40567360249854534 0.049500002560322665 -0.616920449170107 -0.21850055724160483 0.7127047675487265 -0.2524253953035973
0.4108597485954997 0.14491519739546663 0.048499998866186715 -0.6257577425816269 0.31637622171293134 0.6362754168153727 0.32169384185933736
0.16347254654009397 0.4293915764431803 0.054500000627121764 0.25690160429116593 0.642133084999924 -0.2682860161792943 0.670588756529476
0.4497565489150812 0.381245232423891 0.07450000296695869 -0.6796850493220719 -0.19068709189963817 0.6819544548634889 -0.19132377845619067
0.39604178010000807 0.42033216613189645 0.08649999864156584 -0.6188279131323768 -0.2978568113043972 0.6549472284260477 -0.3152419100704137
0.11861344773464472 0.27096481660549854 0.05549999672125787 -0.05317560798556871 0.6822797703778444 0.056657140053172565 0.7269502308476945
0.45472185424345035 0.38566023786937137 0.0705000023113076 -0.6796850493220719 -0.19068709189963817 0.6819544548634889 -0.19132377845619067
0.40921599537224396 0.40456614921833917 0.10749999903929952 -0.683007311379428 -0.2741672482996827 0.6282753464707231 -0.25219718788899725
0.474835432598519 0.22677998508343294 0.05349999937082627 -0.7008310448445031 0.13103122145948318 0.6892462612199548 0.1288652667684818
0.39591848789229017 0.420430603202743 0.1065000019198213 -0.6188279131323768 -0.2978568113043972 0.6549472284260477 -0.3152419100704137
0.4702035209443566 0.2501707645558007 0.052500002267519316 -0.6574667063192892 0.07791574439606441 0.7442362877471321 0.08819872367126809
0.40921599537224396 0.40456614921833917 0.11749999695313695 -0.683007311379428 -0.2741672482996827 0.6282753464707231 -0.25219718788899725
0.4558320817654953 0.19249667920499125 0.044499999615681934 -0.652840623500824 0.19697492231095293 0.7002572043894378 0.2112814426028433
0.1303217259769881 0.3552646819093492 0.08849999917174377 0.1228448446254028 0.7415585932007591 -0.10778971913181516 0.6506776263623609
0.1474076954250777 0.3523233417012956 0.11449999970818557 0.1228448446254028 0.7415585932007591 -0.10778971913181516 0.6506776263623609
0.139005603669875 0.32992614913194096 0.08949999817026218 0.06834450383392912 0.700234981171117 -0.06903140052970516 0.7072726954159102
0.17271028300364072 0.4205914274792521 0.06649999886878474 0.25690160429116593 0.642133084999924 -0.2682860161792943 0.670588756529476
0.18118367930491025 0.4131878153424113 0.08849999874957545 0.25690160429116593 0.642133084999924 -0.2682860161792943 0.670588756529476
0.42721900593221646 0.4033729526171824 0.06350000112981119 -0.616920449170107 -0.21850055724160483 0.7127047675487265 -0.2524253953035973
0.4175986076492117 0.3952505382666728 0.09350000232190409 -0.616920449170107 -0.21850055724160483 0.7127047675487265 -0.2524253953035973
0.144373776792281 0.330868200542616 0.09150000222337802 0.06834450383392912 0.700234981171117 -0.06903140052970516 0.7072726954159102
0.1412728749501637 0.33128224420754826 0.1074999973954018 0.06834450383392912 0.700234981171117 -0.06903140052970516 0.7072726954159102
0.13401964533209118 0.330923394443678 0.07549999960077365 0.06834450383392912 0.700234981171117 -0.06903140052970516 0.7072726954159102
0.1440299002056563 0.3524080697038438 0.13050000233078995 0.1228448446254028 0.7415585932007591 -0.10778971913181516 0.6506776263623609
0.4186424401411496 0.41471646259571954 0.10749999903929952 -0.683007311379428 -0.2741672482996827 0.6282753464707231 -0.25219718788899725
0.44614333163679104 0.4187010022769114 0.033499999937718294 -0.21850055724160486 0.616920449170107 -0.25242539530359726 -0.7127047675487265
0.4170089357949696 0.4475789095725245 0.04649999953563551 -0.29785681130439723 0.6188279131323768 -0.31524191007041363 -0.6549472284260477
0.16709376712877805 0.4268944994549601 0.05849999755748256 0.642133084999924 -0.2569016042911659 0.670588756529476 0.2682860161792944
0.1981909701757218 0.45254181435557195 0.0435000018923789 0.5823187311838222 -0.30968515986852935 0.6636519162107795 0.35293927406768927
0.35871937111157237 0.4802470447247621 0.0344999993733353 -0.38958901224535164 0.5414982942057375 -0.4350840714561106 -0.6047328746439555
0.36352928713101207 0.47664603011065687 0.03850000002898639 -0.38958901224535164 0.5414982942057375 -0.4350840714561106 -0.6047328746439555
0.16809023758013303 0.42404000321434426 0.06249999821313365 0.642133084999924 -0.2569016042911659 0.670588756529476 0.2682860161792944
0.46942085726015537 0.2282909330261667 0.06550000133777954 0.13103122145948312 0.7008310448445031 0.12886526676848187 -0.6892462612199548
0.14630668353759302 0.39109156668235245 0.07750000223705603 0.6956395934461829 -0.1942993113856703 0.6661209187313175 0.18605444163907853
0.18113399883348996 0.41323514143036294 0.09849999666341289 0.642133084999924 -0.2569016042911659 0.670588756529476 0.2682860161792944
0.44704723607480984 0.41252351728774517 0.03950000092119493 -0.21850055724160486 0.616920449170107 -0.25242539530359726 -0.7127047675487265
0.46110586932676334 0.39702973445330997 0.05650000001652878 -0.1906870918996382 0.6796850493220719 -0.1913237784561906 -0.6819544548634889
0.4166887694455586 0.4434306647147364 0.05649999744947294 -0.29785681130439723 0.6188279131323768 -0.31524191007041363 -0.6549472284260477
0.44430426012456875 0.41097156134940593 0.04349999785155573 -0.21850055724160486 0.616920449170107 -0.25242539530359726 -0.7127047675487265
0.45075752112325285 0.19189067878155985 0.05050000059915857 0.1969749223109529 0.652840623500824 0.21128144260284334 -0.7002572043894378
0.48176686273922154 0.33106385937275 0.07050000159135006 -0.07121551104639705 0.7210605750651635 -0.06773946264333625 -0.6858654119241533
0.43511510127920994 0.17418367398523538 0.0715000017174371 0.257602380556855 0.6845736023039355 0.24015932564745585 -0.6382190022747785
0.4762266325816454 0.3497118155090726 0.05149999689704087 -0.1110060798674416 0.665340249674219 -0.121489661122781 -0.7281759846604274
0.4591259222366144 0.3929967649785175 0.06250000100000541 -0.1906870918996382 0.6796850493220719 -0.1913237784561906 -0.6819544548634889
0.4631058435775568 0.39702976425563236 0.05049999903305214 -0.1906870918996382 0.6796850493220719 -0.1913237784561906 -0.6819544548634889
0.1286262369824501 0.23021410400567177 0.06650000126291473 0.7029732401097976 0.13226976672058838 0.6867575060968929 -0.12921865314570583
0.12269451815777094 0.2704480145329735 0.061500001430024806 0.6822797703778444 0.05317560798556875 0.7269502308476945 -0.056657140053172524
0.4748565326427695 0.23083444203266695 0.05950000035430291 0.13103122145948312 0.7008310448445031 0.12886526676848187 -0.6892462612199548
0.1420381565066482 0.3946483844523567 0.07149999752828909 0.6956395934461829 -0.1942993113856703 0.6661209187313175 0.18605444163907853
0.42767467301539397 0.1622020154452785 0.031499999613176004 0.253611283226268 0.5977859009637061 0.2970113510668588 -0.7000839885090754
0.43935555468976956 0.40567360249854534 0.049500002560322665 -0.21850055724160486 0.616920449170107 -0.25242539530359726 -0.7127047675487265
0.4108597485954997 0.14491519739546663 0.048499998866186715 0.3163762217129313 0.6257577425816269 0.3216938418593374 -0.6362754168153727
0.16347254654009397 0.4293915764431803 0.054500000627121764 0.642133084999924 -0.2569016042911659 0.670588756529476 0.2682860161792944
0.4497565489150812 0.381245232423891 0.07450000296695869 -0.1906870918996382 0.6796850493220719 -0.1913237784561906 -0.6819544548634889
0.39604178010000807 0.42033216613189645 0.08649999864156584 -0.29785681130439723 0.6188279131323768 -0.31524191007041363 -0.6549472284260477
0.11861344773464472 0.27096481660549854 0.05549999672125787 0.6822797703778444 0.05317560798556875 0.7269502308476945 -0.056657140053172524
0.45472185424345035 0.38566023786937137 0.0705000023113076 -0.1906870918996382 0.6796850493220719 -0.1913237784561906 -0.6819544548634889
0.40921599537224396 0.40456614921833917 0.10749999903929952 -0.27416724829968275 0.683007311379428 -0.2521971878889972 -0.6282753464707231
0.474835432598519 0.22677998508343294 0.05349999937082627 0.13103122145948312 0.7008310448445031 0.12886526676848187 -0.6892462612199548
0.39591848789229017 0.420430603202743 0.1065000019198213 -0.29785681130439723 0.6188279131323768 -0.31524191007041363 -0.6549472284260477
0.4702035209443566 0.2501707645558007 0.052500002267519316 0.07791574439606437 0.6574667063192892 0.08819872367126813 -0.7442362877471321
0.40921599537224396 0.40456614921833917 0.11749999695313695 -0.27416724829968275 0.683007311379428 -0.2521971878889972 -0.6282753464707231
0.4558320817654953 0.19249667920499125 0.044499999615681934 0.1969749223109529 0.652840623500824 0.21128144260284334 -0.7002572043894378
0.1303217259769881 0.3552646819093492 0.08849999917174377 0.7415585932007591 -0.12284484462540275 0.6506776263623609 0.1077897191318152
0.1474076954250777 0.3523233417012956 0.11449999970818557 0.7415585932007591 -0.12284484462540275 0.6506776263623609 0.1077897191318152
0.139005603669875 0.32992614913194096 0.08949999817026218 0.700234981171117 -0.06834450383392908 0.7072726954159102 0.0690314005297052
0.17271028300364072 0.4205914274792521 0.06649999886878474 0.642133084999924 -0.2569016042911659 0.670588756529476 0.2682860161792944
0.18118367930491025 0.4131878153424113 0.08849999874957545 0.642133084999924 -0.2569016042911659 0.670588756529476 0.2682860161792944
0.42721900593221646 0.4033729526171824 0.06350000112981119 -0.21850055724160486 0.616920449170107 -0.25242539530359726 -0.7127047675487265
0.4175986076492117 0.3952505382666728 0.09350000232190409 -0.21850055724160486 0.616920449170107 -0.25242539530359726 -0.7127047675487265
0.144373776792281 0.330868200542616 0.09150000222337802 0.700234981171117 -0.06834450383392908 0.7072726954159102 0.0690314005297052
0.1412728749501637 0.33128224420754826 0.1074999973954018 0.700234981171117 -0.06834450383392908 0.7072726954159102 0.0690314005297052
0.13401964533209118 0.330923394443678 0.07549999960077365 0.700234981171117 -0.06834450383392908 0.7072726954159102 0.0690314005297052
0.1440299002056563 0.3524080697038438 0.13050000233078995 0.7415585932007591 -0.12284484462540275 0.6506776263623609 0.1077897191318152
0.4186424401411496 0.41471646259571954 0.10749999903929952 -0.27416724829968275 0.683007311379428 -0.2521971878889972 -0.6282753464707231
