0.3095583217214173 0.0018120831816040143 0.12503666666533933 -0.7126854528902407 -0.10204301989012875 0.6870156363904213 -0.09836758960856971
0.29050108487069676 -0.0036536673191434454 0.12503666666533933 -0.1020430198901287 0.7126854528902407 0.09836758960856967 0.6870156363904213
0.3027625785444749 -0.010449410494699966 0.12503666666538765 -0.5761000273080333 0.4317894061107921 0.5553498046828976 0.4162370259177342
0.2972968280476392 0.008607826357160503 0.12503666666538765 0.43178940611079203 0.5761000273080332 -0.41623702591773415 0.5553498046828975
0.30052883030593996 -0.0024472745848700466 0.12503666666538765 0.43178940611079203 0.5761000273080332 -0.41623702591773415 0.5553498046828975
0.3015561858127273 -0.00042166506084266434 0.12503666666533933 -0.1020430198901287 0.7126854528902407 0.09836758960856967 0.6870156363904213
0.29953057628617413 0.0006056904473305834 0.12503666666538765 -0.5761000273080333 0.4317894061107921 0.5553498046828976 0.4162370259177342
0.29850322077938674 -0.001419919076696767 0.12503666666533933 -0.7126854528902407 -0.10204301989012875 0.6870156363904213 -0.09836758960856971
0.3026037023638261 -0.011326445345118534 0.13503667202980568 -0.5761000273080333 0.4317894061107921 0.5553498046828976 0.4162370259177342
0.31043535657183585 0.0016532070009552106 0.13503667202975736 -0.7126854528902407 -0.10204301989012875 0.6870156363904213 -0.09836758960856971
0.2896240500202782 -0.0034947911384946417 0.13503667202975736 -0.1020430198901287 0.7126854528902407 0.09836758960856967 0.6870156363904213
0.297455704228288 0.009484861207579071 0.13503667202980568 0.43178940611079203 0.5761000273080332 -0.41623702591773415 0.5553498046828975
0.29990938020350416 -0.012347885970787448 0.13495000536422103 -0.5036301369757978 0.47048558429694753 0.5294739009873172 0.4946285356424272
0.30015002638860994 0.010506301833247985 0.13495000536422103 0.47048558429694753 0.5036301369757978 -0.4946285356424272 0.5294739009873172
0.3114567971984018 -0.0010411151661125929 0.13495000536423568 -0.6888038322216019 -0.023436736668234547 0.7241497776377911 -0.024639392003798048
0.28860260939371224 -0.0008004689714268384 0.13495000536423568 -0.023436736668234502 0.6888038322216019 0.024639392003798003 0.7241497776377911
0.3096701744939512 0.0014295107691131696 0.1150366687515019 -0.7126854528902407 -0.10204301989012875 0.6870156363904213 -0.09836758960856971
0.30238000613198407 -0.01056126326723386 0.11503666875155022 -0.5761000273080333 0.4317894061107921 0.5553498046828976 0.4162370259177342
0.29038923209816286 -0.0032710949066526007 0.1150366687515019 -0.1020430198901287 0.7126854528902407 0.09836758960856967 0.6870156363904213
0.29767940046013003 0.008719679129694397 0.11503666875155022 0.43178940611079203 0.5761000273080332 -0.41623702591773415 0.5553498046828975
0.3043444138998944 0.0005277701198901517 0.10103667018201337 -0.1020430198901287 0.7126854528902407 0.09836758960856967 0.6870156363904213
0.2961045655070462 -0.0030175660377253096 0.10103667018201337 -0.7126854528902407 -0.10204301989012875 0.6870156363904213 -0.09836758960856971
0.3019971577842339 -0.005364822154771722 0.1010366701820617 0.43178940611079203 0.5761000273080332 -0.41623702591773415 0.5553498046828975
0.2984518216227067 0.0028750262369365586 0.1010366701820617 -0.5761000273080333 0.4317894061107921 0.5553498046828976 0.4162370259177342
0.3013026521776689 -0.006876228921398412 0.10503666338713219 -0.5761000273080333 0.4317894061107921 0.5553498046828976 0.4162370259177342
0.29914632722927176 0.00438643300356325 0.10503666338713219 0.43178940611079203 0.5761000273080332 -0.41623702591773415 0.5553498046828975
0.29459315874155945 -0.0023230604350720063 0.10503666338708387 -0.1020430198901287 0.7126854528902407 0.09836758960856967 0.6870156363904213
0.3058558206653812 -0.0001667354827631514 0.10503666338708387 -0.7126854528902407 -0.10204301989012875 0.6870156363904213 -0.09836758960856971
0.30103025895104535 -0.004524044072538506 0.12503666666538765 -0.5761000273080333 0.4317894061107921 0.5553498046828976 0.4162370259177342
0.2964264512928582 -0.0019213477257138802 0.12503666666533933 -0.1020430198901287 0.7126854528902407 0.09836758960856967 0.6870156363904213
0.29902914764106875 0.0026824599349990434 0.12503666666538765 0.43178940611079203 0.5761000273080332 -0.41623702591773415 0.5553498046828975
0.3036329552992558 7.976358817444887e-05 0.12503666666533933 -0.7126854528902407 -0.10204301989012875 0.6870156363904213 -0.09836758960856971
0.29861507308625934 -0.0018025212915099994 0.1110366680958508 -0.7126854528902407 -0.10204301989012875 0.6870156363904213 -0.09836758960856971
0.3009114325207532 -0.0023354222779974404 0.11103666809589913 0.43178940611079203 0.5761000273080332 -0.41623702591773415 0.5553498046828975
0.3014443335058547 -3.906284602943192e-05 0.1110366680958508 -0.1020430198901287 0.7126854528902407 0.09836758960856967 0.6870156363904213
0.2991479740713609 0.0004938381404579771 0.11103666809589913 -0.5761000273080333 0.4317894061107921 0.5553498046828976 0.4162370259177342
0.29956779481590395 0.0008399427620813195 0.131036663923574 0.43178940611079203 0.5761000273080332 -0.41623702591773415 0.5553498046828975
0.30049161177621014 -0.002681526899620782 0.131036663923574 -0.5761000273080333 0.4317894061107921 0.5553498046828976 0.4162370259177342
0.29826896846577594 -0.001382700550878675 0.13103666392352567 -0.1020430198901287 0.7126854528902407 0.09836758960856967 0.6870156363904213
0.3017904381263381 -0.0004588835866607562 0.13103666392352567 -0.7126854528902407 -0.10204301989012875 0.6870156363904213 -0.09836758960856971
0.3103852692045251 0.0018586040026486298 0.1450366624930142 -0.7126854528902407 -0.10204301989012875 0.6870156363904213 -0.09836758960856971
0.28941865301858477 -0.0035448785058054665 0.1450366624930142 -0.1020430198901287 0.7126854528902407 0.09836758960856967 0.6870156363904213
0.3026037023638261 -0.011326445345118534 0.14503666249306252 -0.5761000273080333 0.4317894061107921 0.5553498046828976 0.4162370259177342
0.29720021985928374 0.009640170841961698 0.14503666249306252 0.43178940611079203 0.5761000273080332 -0.41623702591773415 0.5553498046828975
0.30369472023881766 -9.741182262297662e-05 0.1410366692879437 -0.7126854528902407 -0.10204301989012875 0.6870156363904213 -0.09836758960856971
0.29915623568455535 0.002949621876254277 0.14103666928799202 0.43178940611079203 0.5761000273080332 -0.41623702591773415 0.5553498046828975
0.3006476865385545 -0.004635896379411112 0.14103666928799202 -0.5761000273080333 0.4317894061107921 0.5553498046828976 0.4162370259177342
0.2961092019842922 -0.0015888626805338603 0.1410366692879437 -0.1020430198901287 0.7126854528902407 0.09836758960856967 0.6870156363904213
0.3014443335058547 -3.906284602943192e-05 0.13503667202975736 -0.1020430198901287 0.7126854528902407 0.09836758960856967 0.6870156363904213
0.2991479740713609 0.0004938381404579771 0.13503667202980568 -0.5761000273080333 0.4317894061107921 0.5553498046828976 0.4162370259177342
0.29861507308625934 -0.0018025212915099994 0.13503667202975736 -0.7126854528902407 -0.10204301989012875 0.6870156363904213 -0.09836758960856971
0.3009114325207532 -0.0023354222779974404 0.13503667202980568 0.43178940611079203 0.5761000273080332 -0.41623702591773415 0.5553498046828975
0.30535597471236936 -0.012510127448330537 0.1328966679798324 0.364875629123744 0.5614259608680933 -0.40474613643580737 0.6227738199179356
0.31161903867304636 0.004405479353078633 0.13289666798081187 -0.13898207067687937 0.6549941364510142 0.15416885096865496 0.7265663291373761
0.29470343187974474 0.010668543310791074 0.1328966679798324 -0.5614259608680933 0.364875629123744 0.6227738199179356 0.40474613643580737
0.2884403679190677 -0.006247063490618064 0.13289666798081187 -0.6549941364510142 -0.1389820706768794 0.7265663291373761 -0.15416885096865499
0.2987155676049054 0.0051754994070276564 0.11103666809589913 0.43178940611079203 0.5761000273080332 -0.41623702591773415 0.5553498046828975
0.2939334118208296 -0.00223492776187721 0.1110366680958508 -0.1020430198901287 0.7126854528902407 0.09836758960856967 0.6870156363904213
0.3013438389872087 -0.007017083544567119 0.11103666809589913 -0.5761000273080333 0.4317894061107921 0.5553498046828976 0.4162370259177342
0.30612599477128444 0.00039334362433777895 0.1110366680958508 -0.7126854528902407 -0.10204301989012875 0.6870156363904213 -0.09836758960856971
0.29545407009001906 -0.0027368156844439846 0.15489666786160258 -0.13898207067687937 0.6549941364510142 0.15416885096865496 0.7265663291373761
0.30179563954995653 -0.0052910282705428005 0.15489666786062312 -0.5614259608680933 0.364875629123744 0.6227738199179356 0.40474613643580737
0.2980082826731533 0.0036047537673859664 0.15489666786062312 0.364875629123744 0.5614259608680933 -0.40474613643580737 0.6227738199179356
0.3043498521330908 0.0010505411812871473 0.15489666786160258 -0.6549941364510142 -0.1389820706768794 0.7265663291373761 -0.15416885096865499
0.2974641053397759 0.010140495443809593 0.10503666338713219 0.43178940611079203 0.5761000273080332 -0.41623702591773415 0.5553498046828975
0.30298487406716473 -0.012630291361644756 0.10503666338713219 -0.5761000273080333 0.4317894061107921 0.5553498046828976 0.4162370259177342
0.2888390963013131 -0.004005282324567856 0.10503666338708387 -0.1020430198901287 0.7126854528902407 0.09836758960856967 0.6870156363904213
0.31160988310562754 0.0015154864067326982 0.10503666338708387 -0.7126854528902407 -0.10204301989012875 0.6870156363904213 -0.09836758960856971
0.2985649857189486 -0.0015971242898165801 0.1410366692879437 -0.7126854528902407 -0.10204301989012875 0.6870156363904213 -0.09836758960856971
0.30065594815174895 -0.002180112643614813 0.14103666928799202 0.43178940611079203 0.5761000273080332 -0.41623702591773415 0.5553498046828975
0.2991479740713609 0.0004938381404579771 0.14103666928799202 -0.5761000273080333 0.4317894061107921 0.5553498046828976 0.4162370259177342
0.3012389365041613 -8.915021334025678e-05 0.1410366692879437 -0.1020430198901287 0.7126854528902407 0.09836758960856967 0.6870156363904213
0.3013026521776689 -0.006876228921398412 0.09503666547329476 -0.5761000273080333 0.4317894061107921 0.5553498046828976 0.4162370259177342
0.29459315874155945 -0.0023230604350720063 0.09503666547324643 -0.1020430198901287 0.7126854528902407 0.09836758960856967 0.6870156363904213
0.3058558206653812 -0.0001667354827631514 0.09503666547324643 -0.7126854528902407 -0.10204301989012875 0.6870156363904213 -0.09836758960856971
0.29914632722927176 0.00438643300356325 0.09503666547329476 0.43178940611079203 0.5761000273080332 -0.41623702591773415 0.5553498046828975
0.2989192982070305 0.0014318704176245326 0.09089666482078623 -0.5614259608680933 0.364875629123744 0.6227738199179356 0.40474613643580737
0.30152968119991014 -0.003921666335459696 0.09089666482078623 0.364875629123744 0.5614259608680933 -0.40474613643580737 0.6227738199179356
0.30290125807744095 6.029354305827462e-05 0.0908966648217657 -0.13898207067687937 0.6549941364510142 0.15416885096865496 0.7265663291373761
0.2975477213294997 -0.0025500894608934325 0.0908966648217657 -0.6549941364510142 -0.1389820706768794 0.7265663291373761 -0.15416885096865499
0.31028746055766493 0.0036891195962041397 0.15489666786160258 -0.6549941364510142 -0.1389820706768794 0.7265663291373761 -0.15416885096865499
0.3044342179648735 -0.011228636695116938 0.15489666786062312 -0.5614259608680933 0.364875629123744 0.6227738199179356 0.40474613643580737
0.29536970425823633 0.009542362191960103 0.15489666786062312 0.364875629123744 0.5614259608680933 -0.40474613643580737 0.6227738199179356
0.2895164616654449 -0.005375394099360976 0.15489666786160258 -0.13898207067687937 0.6549941364510142 0.15416885096865496 0.7265663291373761
0.3009184031207665 -0.0030954863651657463 0.09103666481764366 0.43178940611079203 0.5761000273080332 -0.41623702591773415 0.5553498046828975
0.2983739012966522 -0.0019388113742579024 0.09103666481759534 -0.7126854528902407 -0.10204301989012875 0.6870156363904213 -0.09836758960856971
0.29953057628617413 0.0006056904473305834 0.09103666481764366 -0.5761000273080333 0.4317894061107921 0.5553498046828976 0.4162370259177342
0.30207507811028844 -0.0005509845435772555 0.09103666481759534 -0.1020430198901287 0.7126854528902407 0.09836758960856967 0.6870156363904213
0.31093428821413954 0.0018586046292369666 0.1710366704800366 -0.7126854528902407 -0.10204301989012875 0.6870156363904213 -0.09836758960856971
0.28941865239199643 -0.0029958594961910067 0.1710366704800366 -0.1020430198901287 0.7126854528902407 0.09836758960856967 0.6870156363904213
0.3026037023638261 -0.011326445345118534 0.17103667048008492 -0.5761000273080333 0.4317894061107921 0.5553498046828976 0.4162370259177342
0.29774923824230987 0.010189190478164521 0.17103667048008492 0.43178940611079203 0.5761000273080332 -0.41623702591773415 0.5553498046828975
0.29376688957211206 -0.0038876499059621113 0.0908966648217657 -0.13898207067687937 0.6549941364510142 0.15416885096865496 0.7265663291373761
0.29758173775088975 0.005212702169869199 0.09089666482078623 0.364875629123744 0.5614259608680933 -0.40474613643580737 0.6227738199179356
0.3066820898348286 0.001397853988126953 0.0908966648217657 -0.6549941364510142 -0.1389820706768794 0.7265663291373761 -0.15416885096865499
0.3028672416560509 -0.007702498087704361 0.09089666482078623 -0.5614259608680933 0.364875629123744 0.6227738199179356 0.40474613643580737
0.3019374733450964 -2.1507959643028436e-05 0.14489666249718455 -0.6549941364510142 -0.1389820706768794 0.7265663291373761 -0.15416885096865499
0.29786644887801345 -0.0016647665435138086 0.14489666249718455 -0.13898207067687937 0.6549941364510142 0.15416885096865496 0.7265663291373761
0.30072359040902635 -0.002878649482548416 0.1448966624962051 -0.5614259608680933 0.364875629123744 0.6227738199179356 0.40474613643580737
0.2990803318140835 0.0011923749793915812 0.1448966624962051 0.364875629123744 0.5614259608680933 -0.40474613643580737 0.6227738199179356
0.2884027134875589 -0.0058703212672534325 0.1648966732260206 -0.13898207067687937 0.6549941364510142 0.15416885096865496 0.7265663291373761
0.31140120873555094 0.004184046764096595 0.1648966732260206 -0.6549941364510142 -0.1389820706768794 0.7265663291373761 -0.15416885096865499
0.2948747770903439 0.010656110369846112 0.16489667322504115 0.364875629123744 0.5614259608680933 -0.40474613643580737 0.6227738199179356
0.304929145132766 -0.012342384873002947 0.16489667322504115 -0.5614259608680933 0.364875629123744 0.6227738199179356 0.40474613643580737
0.31160988310562754 0.0015154864067326982 0.09503666547324643 -0.7126854528902407 -0.10204301989012875 0.6870156363904213 -0.09836758960856971
0.2888390963013131 -0.004005282324567856 0.09503666547324643 -0.1020430198901287 0.7126854528902407 0.09836758960856967 0.6870156363904213
0.2974641053397759 0.010140495443809593 0.09503666547329476 0.43178940611079203 0.5761000273080332 -0.41623702591773415 0.5553498046828975
0.30298487406716473 -0.012630291361644756 0.09503666547329476 -0.5761000273080333 0.4317894061107921 0.5553498046828976 0.4162370259177342
0.2985649857189486 -0.0015971242898165801 0.15103665975120054 -0.7126854528902407 -0.10204301989012875 0.6870156363904213 -0.09836758960856971
0.3012389365041613 -8.915021334025678e-05 0.15103665975120054 -0.1020430198901287 0.7126854528902407 0.09836758960856967 0.6870156363904213
0.30065594815174895 -0.002180112643614813 0.15103665975124886 0.43178940611079203 0.5761000273080332 -0.41623702591773415 0.5553498046828975
0.2991479740713609 0.0004938381404579771 0.15103665975124886 -0.5761000273080333 0.4317894061107921 0.5553498046828976 0.4162370259177342
0.2988233857914951 -0.006181478733643036 0.14086333595549208 -0.42886514663548025 0.4977362277805259 0.49209398731109466 0.5711189378828271
0.2945636196294549 0.00023543806903210328 0.14086333595633616 0.048699209877544405 0.6552061155263992 -0.0558790772735772 0.751805069055246
0.30098053643161476 0.0044952042304862005 0.14086333595549208 -0.497736227780526 -0.42886514663548037 0.5711189378828272 -0.49209398731109477
0.305240302593655 -0.0019217125721889402 0.14086333595633616 -0.6552061155263992 0.04869920987754437 0.751805069055246 0.05587907727357716
0.29380816858258674 -0.003980543744844557 0.08089666690792827 -0.13898207067687937 0.6549941364510142 0.15416885096865496 0.7265663291373761
0.3066408108243539 0.0014907478270093993 0.08089666690792827 -0.6549941364510142 -0.1389820706768794 0.7265663291373761 -0.15416885096865499
0.2974888439120073 0.005171423159394517 0.0808966669069488 0.364875629123744 0.5614259608680933 -0.40474613643580737 0.6227738199179356
0.30296013549493334 -0.007661219077229679 0.0808966669069488 -0.5614259608680933 0.364875629123744 0.6227738199179356 0.40474613643580737
0.30103025895104535 -0.004524044072538506 0.08503666755945732 -0.5761000273080333 0.4317894061107921 0.5553498046828976 0.4162370259177342
0.2994187204558953 0.002034248154703343 0.08503666755945732 0.43178940611079203 0.5761000273080332 -0.41623702591773415 0.5553498046828975
0.29694534359041935 -0.002050667208448471 0.085036667559409 -0.1020430198901287 0.7126854528902407 0.09836758960856967 0.6870156363904213
0.3035036358165213 -0.00043912870938668655 0.085036667559409 -0.7126854528902407 -0.10204301989012875 0.6870156363904213 -0.09836758960856971
0.2990803318140835 0.0011923749793915812 0.16089666511880946 0.364875629123744 0.5614259608680933 -0.40474613643580737 0.6227738199179356
0.3019374733450964 -2.1507959643028436e-05 0.16089666511978892 -0.6549941364510142 -0.1389820706768794 0.7265663291373761 -0.15416885096865499
0.29786644887801345 -0.0016647665435138086 0.16089666511978892 -0.13898207067687937 0.6549941364510142 0.15416885096865496 0.7265663291373761
0.30072359040902635 -0.002878649482548416 0.16089666511880946 -0.5614259608680933 0.364875629123744 0.6227738199179356 0.40474613643580737
0.2975477213294997 -0.0025500894608934325 0.08489666756357936 -0.6549941364510142 -0.1389820706768794 0.7265663291373761 -0.15416885096865499
0.30152968119991014 -0.003921666335459696 0.08489666756259989 0.364875629123744 0.5614259608680933 -0.40474613643580737 0.6227738199179356
0.30290125807744095 6.029354305827462e-05 0.08489666756357936 -0.13898207067687937 0.6549941364510142 0.15416885096865496 0.7265663291373761
0.2989192982070305 0.0014318704176245326 0.08489666756259989 -0.5614259608680933 0.364875629123744 0.6227738199179356 0.40474613643580737
0.30207507811028844 -0.0005509845435772555 0.085036667559409 -0.1020430198901287 0.7126854528902407 0.09836758960856967 0.6870156363904213
0.29953057628617413 0.0006056904473305834 0.08503666755945732 -0.5761000273080333 0.4317894061107921 0.5553498046828976 0.4162370259177342
0.3009184031207665 -0.0030954863651657463 0.08503666755945732 0.43178940611079203 0.5761000273080332 -0.41623702591773415 0.5553498046828975
0.2983739012966522 -0.0019388113742579024 0.085036667559409 -0.7126854528902407 -0.10204301989012875 0.6870156363904213 -0.09836758960856971
0.29760733139590295 -0.0018061923518100857 0.07489666964974193 -0.6549941364510142 -0.13898207067687943 0.7265663291373761 -0.154168850968655
0.30084540649725416 -0.0031181449573038215 0.07489666964876246 0.364875629123744 0.5614259608680933 -0.40474613643580737 0.6227738199179356
0.3021573733083817 0.00011991775392313598 0.07489666964974193 -0.13898207067687943 0.6549941364510142 0.154168850968655 0.7265663291373761
0.2989192982070305 0.0014318704176245326 0.07489666964876246 -0.5614259608680933 0.364875629123744 0.6227738199179356 0.40474613643580737
0.2884027128609706 -0.005321302257638973 0.17489666368927745 -0.13898207067687937 0.6549941364510142 0.15416885096865496 0.7265663291373761
0.29542379547337 0.011205130006048935 0.17489666368829798 0.364875629123744 0.5614259608680933 -0.40474613643580737 0.6227738199179356
0.3119502277451654 0.004184047390684932 0.17489666368927745 -0.6549941364510142 -0.1389820706768794 0.7265663291373761 -0.15416885096865499
0.304929145132766 -0.012342384873002947 0.17489666368829798 -0.5614259608680933 0.364875629123744 0.6227738199179356 0.40474613643580737
0.3024452138098975 7.138650582775463e-05 0.17089667048420695 -0.6549941364510142 -0.1389820706768794 0.7265663291373761 -0.15416885096865499
0.2979077267962385 -0.0012086413727817951 0.17089667048420695 -0.13898207067687937 0.6549941364510142 0.15416885096865496 0.7265663291373761
0.2995364563582272 0.0017001160707810097 0.1708966704832275 0.364875629123744 0.5614259608680933 -0.40474613643580737 0.6227738199179356
0.3008164842479088 -0.0028373709377350217 0.1708966704832275 -0.5614259608680933 0.364875629123744 0.6227738199179356 0.40474613643580737
0.29090183582347007 -0.009871306657614523 0.17484333035343316 -0.24336820628218186 0.6020287227397851 0.28501539507962265 0.7050528758432967
0.3094791495271161 -0.00984326191295752 0.1748433303525091 -0.5977859009637061 0.2536112832262681 0.7000839885090754 0.2970113510668587
0.3094511047826659 0.008734051790660483 0.17484333035343316 -0.6020287227397851 -0.24336820628218186 0.7050528758432967 -0.28501539507962265
0.2908737910790199 0.008706007046003508 0.1748433303525091 0.2536112832262681 0.597785900963706 -0.2970113510668587 0.7000839885090753
0.2955798965721352 0.0109287423649581 0.18112332761953678 0.3820854784162577 0.6447304537361062 -0.3375386066448931 0.5695621285100321
0.31167384009908916 0.004027946302010985 0.18112332761897557 -0.726068508078077 -0.18571804459450666 0.6414170807501518 -0.16406540772271788
0.3047730440340008 -0.012065997231912113 0.18112332761953678 -0.6447304537361063 0.38208547841625773 0.5695621285100322 0.33753860664489316
0.2886791005070468 -0.0051652011689650255 0.18112332761897557 -0.18571804459450664 0.726068508078077 0.16406540772271785 0.6414170807501518
0.29788844800627656 0.0010780290391342417 0.1749966636863669 0.34577376887576694 0.6154460447976028 -0.346928275536217 0.6175009622129359
0.29852981382572025 -0.002856649722491356 0.17499666368634595 -0.19068709189963812 0.6796850493220719 0.1913237784561906 0.6819544548634888
0.3024644925998594 -0.002215283906088282 0.1749966636863669 -0.6154460447976027 0.34577376887576694 0.6175009622129358 0.346928275536217
0.30182312678041573 0.0017193948555373445 0.17499666368634595 -0.6796850493220719 -0.19068709189963817 0.6819544548634889 -0.19132377845619067
0.28751131999150414 -0.006361773110110905 0.18088332761296555 -0.16625799792675403 0.6434477023279396 0.18693129355244498 0.7234569952561745
0.29438332461691585 0.01209652287276624 0.18088332761259393 0.3374240736423026 0.5725483925805358 -0.3793809574033141 0.6437417353565198
0.31284162061463183 0.005224518243156892 0.18088332761296555 -0.6434477023279396 -0.166257997926754 0.7234569952561745 -0.18693129355244495
0.3059696159892201 -0.01323377773972028 0.18088332761259393 -0.5725483925805358 0.3374240736423025 0.6437417353565198 0.379380957403314
0.2928375392886594 -0.0016527947446839668 0.18893666224995925 -0.05317560798556871 0.6822797703778444 0.056657140053172565 0.7269502308476945
0.3012606376164346 -0.007907558447547026 0.18893666224996164 -0.5200454858231928 0.4448438186910016 0.5540940862335666 0.473968789318786
0.29909230298970135 0.006770303580592985 0.18893666224996164 0.44484381869100165 0.5200454858231927 -0.473968789318786 0.5540940862335665
0.30751540131747657 0.0005155398777299539 0.18893666224995925 -0.6822797703778444 -0.05317560798556867 0.7269502308476945 -0.056657140053172524
0.29005343169164033 -0.00899344944936257 0.1808433276116195 -0.24336820628218186 0.6020287227397851 0.28501539507962265 0.7050528758432967
0.29175164828727185 0.009554411177833247 0.18084332761069544 0.2536112832262681 0.597785900963706 -0.2970113510668587 0.7000839885090753
0.31029950891449565 0.00785619458240853 0.1808433276116195 -0.6020287227397851 -0.24336820628218186 0.7050528758432967 -0.28501539507962265
0.30860129231886413 -0.010691666044787258 0.18084332761069544 -0.5977859009637061 0.2536112832262681 0.7000839885090754 0.2970113510668587
0.3028510337966641 0.0012132110777390763 0.17712333441390507 -0.18571804459450664 0.726068508078077 0.16406540772271785 0.6414170807501518
0.2983946317872967 0.002105936057705186 0.1771233344144663 -0.6447304537361063 0.38208547841625773 0.5695621285100322 0.33753860664489316
0.29750190680947186 -0.0023504659446931166 0.17712333441390507 -0.726068508078077 -0.18571804459450666 0.6414170807501518 -0.16406540772271788
0.3019583088188393 -0.0032431909246591994 0.1771233344144663 0.3820854784162577 0.6447304537361062 -0.3375386066448931 0.5695621285100321
0.29664613671481543 -0.0011890751974112362 0.18093666093865707 -0.6822797703778444 -0.05317560798556867 0.7269502308476945 -0.056657140053172524
0.30370680389132054 5.182033045722463e-05 0.18093666093865707 -0.05317560798556871 0.6822797703778444 0.056657140053172565 0.7269502308476945
0.30079691806484254 -0.004098961022068148 0.18093666093865945 0.44484381869100165 0.5200454858231927 -0.473968789318786 0.5540940862335665
0.29955602254129343 0.002961706155114107 0.18093666093865945 -0.5200454858231928 0.4448438186910016 0.5540940862335666 0.473968789318786
0.30582467715493217 -0.0006533372878749053 0.19285000368017916 -0.6516185945545127 0.019829260611401563 0.7579366937563935 0.023064603010538056
0.3000917604557543 -0.006216834285787084 0.19285000368027322 -0.44674252374696083 0.4747853303007834 0.5196330409750114 0.552251310848996
0.2945282634512038 -0.0004839175790791074 0.19285000368017916 0.01982926061140152 0.6516185945545127 -0.023064603010538007 0.7579366937563935
0.30026118015038167 0.005079579418833044 0.19285000368027322 -0.4747853303007834 -0.4467425237469608 0.552251310848996 -0.5196330409750113
0.29664613671481543 -0.0011890751974112362 0.1869366730980046 -0.6822797703778444 -0.05317560798556867 0.7269502308476945 -0.056657140053172524
0.29955602254129343 0.002961706155114107 0.186936673098007 -0.5200454858231928 0.4448438186910016 0.5540940862335666 0.473968789318786
0.30370680389132054 5.182033045722463e-05 0.1869366730980046 -0.05317560798556871 0.6822797703778444 0.056657140053172565 0.7269502308476945
0.30079691806484254 -0.004098961022068148 0.186936673098007 0.44484381869100165 0.5200454858231927 -0.473968789318786 0.5540940862335665
0.29297011932548256 -0.007872494697394187 0.19084333297603753 -0.24336820628218186 0.6020287227397851 0.28501539507962265 0.7050528758432967
0.3073828212806534 0.006735239830440147 0.19084333297603753 -0.6020287227397851 -0.24336820628218186 0.7050528758432967 -0.28501539507962265
0.29287260303924023 0.006637723543991017 0.19084333297511347 0.2536112832262681 0.597785900963706 -0.2970113510668587 0.7000839885090753
0.30748033756689575 -0.007774978410945029 0.19084333297511347 -0.5977859009637061 0.2536112832262681 0.7000839885090754 0.2970113510668587
0.3095583217214173 0.0018120831816040143 0.12503666666533933 -0.10204301989012879 0.7126854528902407 -0.09836758960856967 -0.6870156363904213
0.29050108487069676 -0.0036536673191434454 0.12503666666533933 0.7126854528902407 0.10204301989012875 0.6870156363904213 -0.09836758960856963
0.3027625785444749 -0.010449410494699966 0.12503666666538765 0.4317894061107919 0.5761000273080332 0.41623702591773415 -0.5553498046828975
0.2972968280476392 0.008607826357160503 0.12503666666538765 0.5761000273080332 -0.431789406110792 0.5553498046828975 0.4162370259177342
0.30052883030593996 -0.0024472745848700466 0.12503666666538765 0.5761000273080332 -0.431789406110792 0.5553498046828975 0.4162370259177342
0.3015561858127273 -0.00042166506084266434 0.12503666666533933 0.7126854528902407 0.10204301989012875 0.6870156363904213 -0.09836758960856963
0.29953057628617413 0.0006056904473305834 0.12503666666538765 0.4317894061107919 0.5761000273080332 0.41623702591773415 -0.5553498046828975
0.29850322077938674 -0.001419919076696767 0.12503666666533933 -0.10204301989012879 0.7126854528902407 -0.09836758960856967 -0.6870156363904213
0.3026037023638261 -0.011326445345118534 0.13503667202980568 0.4317894061107919 0.5761000273080332 0.41623702591773415 -0.5553498046828975
0.31043535657183585 0.0016532070009552106 0.13503667202975736 -0.10204301989012879 0.7126854528902407 -0.09836758960856967 -0.6870156363904213
0.2896240500202782 -0.0034947911384946417 0.13503667202975736 0.7126854528902407 0.10204301989012875 0.6870156363904213 -0.09836758960856963
0.297455704228288 0.009484861207579071 0.13503667202980568 0.5761000273080332 -0.431789406110792 0.5553498046828975 0.4162370259177342
0.29990938020350416 -0.012347885970787448 0.13495000536422103 0.4704855842969475 0.5036301369757978 0.49462853564242726 -0.5294739009873172
0.30015002638860994 0.010506301833247985 0.13495000536422103 0.5036301369757978 -0.4704855842969475 0.5294739009873172 0.49462853564242726
0.3114567971984018 -0.0010411151661125929 0.13495000536423568 -0.02343673666823459 0.6888038322216019 -0.024639392003798003 -0.7241497776377911
0.28860260939371224 -0.0008004689714268384 0.13495000536423568 0.6888038322216019 0.023436736668234544 0.7241497776377911 -0.024639392003797958
0.3096701744939512 0.0014295107691131696 0.1150366687515019 -0.10204301989012879 0.7126854528902407 -0.09836758960856967 -0.6870156363904213
0.30238000613198407 -0.01056126326723386 0.11503666875155022 0.4317894061107919 0.5761000273080332 0.41623702591773415 -0.5553498046828975
0.29038923209816286 -0.0032710949066526007 0.1150366687515019 0.7126854528902407 0.10204301989012875 0.6870156363904213 -0.09836758960856963
0.29767940046013003 0.008719679129694397 0.11503666875155022 0.5761000273080332 -0.431789406110792 0.5553498046828975 0.4162370259177342
0.3043444138998944 0.0005277701198901517 0.10103667018201337 0.7126854528902407 0.10204301989012875 0.6870156363904213 -0.09836758960856963
0.2961045655070462 -0.0030175660377253096 0.10103667018201337 -0.10204301989012879 0.7126854528902407 -0.09836758960856967 -0.6870156363904213
0.3019971577842339 -0.005364822154771722 0.1010366701820617 0.5761000273080332 -0.431789406110792 0.5553498046828975 0.4162370259177342
0.2984518216227067 0.0028750262369365586 0.1010366701820617 0.4317894061107919 0.5761000273080332 0.41623702591773415 -0.5553498046828975
0.3013026521776689 -0.006876228921398412 0.10503666338713219 0.4317894061107919 0.5761000273080332 0.41623702591773415 -0.5553498046828975
0.29914632722927176 0.00438643300356325 0.10503666338713219 0.5761000273080332 -0.431789406110792 0.5553498046828975 0.4162370259177342
0.29459315874155945 -0.0023230604350720063 0.10503666338708387 0.7126854528902407 0.10204301989012875 0.6870156363904213 -0.09836758960856963
0.3058558206653812 -0.0001667354827631514 0.10503666338708387 -0.10204301989012879 0.7126854528902407 -0.09836758960856967 -0.6870156363904213
0.30103025895104535 -0.004524044072538506 0.12503666666538765 0.4317894061107919 0.5761000273080332 0.41623702591773415 -0.5553498046828975
0.2964264512928582 -0.0019213477257138802 0.12503666666533933 0.7126854528902407 0.10204301989012875 0.6870156363904213 -0.09836758960856963
0.29902914764106875 0.0026824599349990434 0.12503666666538765 0.5761000273080332 -0.431789406110792 0.5553498046828975 0.4162370259177342
0.3036329552992558 7.976358817444887e-05 0.12503666666533933 -0.10204301989012879 0.7126854528902407 -0.09836758960856967 -0.6870156363904213
0.29861507308625934 -0.0018025212915099994 0.1110366680958508 -0.10204301989012879 0.7126854528902407 -0.09836758960856967 -0.6870156363904213
0.3009114325207532 -0.0023354222779974404 0.11103666809589913 0.5761000273080332 -0.431789406110792 0.5553498046828975 0.4162370259177342
0.3014443335058547 -3.906284602943192e-05 0.1110366680958508 0.7126854528902407 0.10204301989012875 0.6870156363904213 -0.09836758960856963
0.2991479740713609 0.0004938381404579771 0.11103666809589913 0.4317894061107919 0.5761000273080332 0.41623702591773415 -0.5553498046828975
0.29956779481590395 0.0008399427620813195 0.131036663923574 0.5761000273080332 -0.431789406110792 0.5553498046828975 0.4162370259177342
0.30049161177621014 -0.002681526899620782 0.131036663923574 0.4317894061107919 0.5761000273080332 0.41623702591773415 -0.5553498046828975
0.29826896846577594 -0.001382700550878675 0.13103666392352567 0.7126854528902407 0.10204301989012875 0.6870156363904213 -0.09836758960856963
0.3017904381263381 -0.0004588835866607562 0.13103666392352567 -0.10204301989012879 0.7126854528902407 -0.09836758960856967 -0.6870156363904213
0.3103852692045251 0.0018586040026486298 0.1450366624930142 -0.10204301989012879 0.7126854528902407 -0.09836758960856967 -0.6870156363904213
0.28941865301858477 -0.0035448785058054665 0.1450366624930142 0.7126854528902407 0.10204301989012875 0.6870156363904213 -0.09836758960856963
0.3026037023638261 -0.011326445345118534 0.14503666249306252 0.4317894061107919 0.5761000273080332 0.41623702591773415 -0.5553498046828975
0.29720021985928374 0.009640170841961698 0.14503666249306252 0.5761000273080332 -0.431789406110792 0.5553498046828975 0.4162370259177342
0.30369472023881766 -9.741182262297662e-05 0.1410366692879437 -0.10204301989012879 0.7126854528902407 -0.09836758960856967 -0.6870156363904213
0.29915623568455535 0.002949621876254277 0.14103666928799202 0.5761000273080332 -0.431789406110792 0.5553498046828975 0.4162370259177342
0.3006476865385545 -0.004635896379411112 0.14103666928799202 0.4317894061107919 0.5761000273080332 0.41623702591773415 -0.5553498046828975
0.2961092019842922 -0.0015888626805338603 0.1410366692879437 0.7126854528902407 0.10204301989012875 0.6870156363904213 -0.09836758960856963
0.3014443335058547 -3.906284602943192e-05 0.13503667202975736 0.7126854528902407 0.10204301989012875 0.6870156363904213 -0.09836758960856963
0.2991479740713609 0.0004938381404579771 0.13503667202980568 0.4317894061107919 0.5761000273080332 0.41623702591773415 -0.5553498046828975
0.29861507308625934 -0.0018025212915099994 0.13503667202975736 -0.10204301989012879 0.7126854528902407 -0.09836758960856967 -0.6870156363904213
0.3009114325207532 -0.0023354222779974404 0.13503667202980568 0.5761000273080332 -0.431789406110792 0.5553498046828975 0.4162370259177342
0.30535597471236936 -0.012510127448330537 0.1328966679798324 0.5614259608680933 -0.36487562912374394 0.6227738199179356 0.4047461364358074
0.31161903867304636 0.004405479353078633 0.13289666798081187 0.6549941364510142 0.1389820706768794 0.7265663291373761 -0.1541688509686549
0.29470343187974474 0.010668543310791074 0.1328966679798324 0.36487562912374394 0.5614259608680933 0.4047461364358074 -0.6227738199179356
0.2884403679190677 -0.006247063490618064 0.13289666798081187 -0.13898207067687943 0.6549941364510142 -0.15416885096865493 -0.7265663291373761
0.2987155676049054 0.0051754994070276564 0.11103666809589913 0.5761000273080332 -0.431789406110792 0.5553498046828975 0.4162370259177342
0.2939334118208296 -0.00223492776187721 0.1110366680958508 0.7126854528902407 0.10204301989012875 0.6870156363904213 -0.09836758960856963
0.3013438389872087 -0.007017083544567119 0.11103666809589913 0.4317894061107919 0.5761000273080332 0.41623702591773415 -0.5553498046828975
0.30612599477128444 0.00039334362433777895 0.1110366680958508 -0.10204301989012879 0.7126854528902407 -0.09836758960856967 -0.6870156363904213
0.29545407009001906 -0.0027368156844439846 0.15489666786160258 0.6549941364510142 0.1389820706768794 0.7265663291373761 -0.1541688509686549
0.30179563954995653 -0.0052910282705428005 0.15489666786062312 0.36487562912374394 0.5614259608680933 0.4047461364358074 -0.6227738199179356
0.2980082826731533 0.0036047537673859664 0.15489666786062312 0.5614259608680933 -0.36487562912374394 0.6227738199179356 0.4047461364358074
0.3043498521330908 0.0010505411812871473 0.15489666786160258 -0.13898207067687943 0.6549941364510142 -0.15416885096865493 -0.7265663291373761
0.2974641053397759 0.010140495443809593 0.10503666338713219 0.5761000273080332 -0.431789406110792 0.5553498046828975 0.4162370259177342
0.30298487406716473 -0.012630291361644756 0.10503666338713219 0.4317894061107919 0.5761000273080332 0.41623702591773415 -0.5553498046828975
0.2888390963013131 -0.004005282324567856 0.10503666338708387 0.7126854528902407 0.10204301989012875 0.6870156363904213 -0.09836758960856963
0.31160988310562754 0.0015154864067326982 0.10503666338708387 -0.10204301989012879 0.7126854528902407 -0.09836758960856967 -0.6870156363904213
0.2985649857189486 -0.0015971242898165801 0.1410366692879437 -0.10204301989012879 0.7126854528902407 -0.09836758960856967 -0.6870156363904213
0.30065594815174895 -0.002180112643614813 0.14103666928799202 0.5761000273080332 -0.431789406110792 0.5553498046828975 0.4162370259177342
0.2991479740713609 0.0004938381404579771 0.14103666928799202 0.4317894061107919 0.5761000273080332 0.41623702591773415 -0.5553498046828975
0.3012389365041613 -8.915021334025678e-05 0.1410366692879437 0.7126854528902407 0.10204301989012875 0.6870156363904213 -0.09836758960856963
0.3013026521776689 -0.006876228921398412 0.09503666547329476 0.4317894061107919 0.5761000273080332 0.41623702591773415 -0.5553498046828975
0.29459315874155945 -0.0023230604350720063 0.09503666547324643 0.7126854528902407 0.10204301989012875 0.6870156363904213 -0.09836758960856963
0.3058558206653812 -0.0001667354827631514 0.09503666547324643 -0.10204301989012879 0.7126854528902407 -0.09836758960856967 -0.6870156363904213
0.29914632722927176 0.00438643300356325 0.09503666547329476 0.5761000273080332 -0.431789406110792 0.5553498046828975 0.4162370259177342
0.2989192982070305 0.0014318704176245326 0.09089666482078623 0.36487562912374394 0.5614259608680933 0.4047461364358074 -0.6227738199179356
0.30152968119991014 -0.003921666335459696 0.09089666482078623 0.5614259608680933 -0.36487562912374394 0.6227738199179356 0.4047461364358074
0.30290125807744095 6.029354305827462e-05 0.0908966648217657 0.6549941364510142 0.1389820706768794 0.7265663291373761 -0.1541688509686549
0.2975477213294997 -0.0025500894608934325 0.0908966648217657 -0.13898207067687943 0.6549941364510142 -0.15416885096865493 -0.7265663291373761
0.31028746055766493 0.0036891195962041397 0.15489666786160258 -0.13898207067687943 0.6549941364510142 -0.15416885096865493 -0.7265663291373761
0.3044342179648735 -0.011228636695116938 0.15489666786062312 0.36487562912374394 0.5614259608680933 0.4047461364358074 -0.6227738199179356
0.29536970425823633 0.009542362191960103 0.15489666786062312 0.5614259608680933 -0.36487562912374394 0.6227738199179356 0.4047461364358074
0.2895164616654449 -0.005375394099360976 0.15489666786160258 0.6549941364510142 0.1389820706768794 0.7265663291373761 -0.1541688509686549
0.3009184031207665 -0.0030954863651657463 0.09103666481764366 0.5761000273080332 -0.431789406110792 0.5553498046828975 0.4162370259177342
0.2983739012966522 -0.0019388113742579024 0.09103666481759534 -0.10204301989012879 0.7126854528902407 -0.09836758960856967 -0.6870156363904213
0.29953057628617413 0.0006056904473305834 0.09103666481764366 0.4317894061107919 0.5761000273080332 0.41623702591773415 -0.5553498046828975
0.30207507811028844 -0.0005509845435772555 0.09103666481759534 0.7126854528902407 0.10204301989012875 0.6870156363904213 -0.09836758960856963
0.31093428821413954 0.0018586046292369666 0.1710366704800366 -0.10204301989012879 0.7126854528902407 -0.09836758960856967 -0.6870156363904213
0.28941865239199643 -0.0029958594961910067 0.1710366704800366 0.7126854528902407 0.10204301989012875 0.6870156363904213 -0.09836758960856963
0.3026037023638261 -0.011326445345118534 0.17103667048008492 0.4317894061107919 0.5761000273080332 0.41623702591773415 -0.5553498046828975
0.29774923824230987 0.010189190478164521 0.17103667048008492 0.5761000273080332 -0.431789406110792 0.5553498046828975 0.4162370259177342
0.29376688957211206 -0.0038876499059621113 0.0908966648217657 0.6549941364510142 0.1389820706768794 0.7265663291373761 -0.1541688509686549
0.29758173775088975 0.005212702169869199 0.09089666482078623 0.5614259608680933 -0.36487562912374394 0.6227738199179356 0.4047461364358074
0.3066820898348286 0.001397853988126953 0.0908966648217657 -0.13898207067687943 0.6549941364510142 -0.15416885096865493 -0.7265663291373761
0.3028672416560509 -0.007702498087704361 0.09089666482078623 0.36487562912374394 0.5614259608680933 0.4047461364358074 -0.6227738199179356
0.3019374733450964 -2.1507959643028436e-05 0.14489666249718455 -0.13898207067687943 0.6549941364510142 -0.15416885096865493 -0.7265663291373761
0.29786644887801345 -0.0016647665435138086 0.14489666249718455 0.6549941364510142 0.1389820706768794 0.7265663291373761 -0.1541688509686549
0.30072359040902635 -0.002878649482548416 0.1448966624962051 0.36487562912374394 0.5614259608680933 0.4047461364358074 -0.6227738199179356
0.2990803318140835 0.0011923749793915812 0.1448966624962051 0.5614259608680933 -0.36487562912374394 0.6227738199179356 0.4047461364358074
0.2884027134875589 -0.0058703212672534325 0.1648966732260206 0.6549941364510142 0.1389820706768794 0.7265663291373761 -0.1541688509686549
0.31140120873555094 0.004184046764096595 0.1648966732260206 -0.13898207067687943 0.6549941364510142 -0.15416885096865493 -0.7265663291373761
0.2948747770903439 0.010656110369846112 0.16489667322504115 0.5614259608680933 -0.36487562912374394 0.6227738199179356 0.4047461364358074
0.304929145132766 -0.012342384873002947 0.16489667322504115 0.36487562912374394 0.5614259608680933 0.4047461364358074 -0.6227738199179356
0.31160988310562754 0.0015154864067326982 0.09503666547324643 -0.10204301989012879 0.7126854528902407 -0.09836758960856967 -0.6870156363904213
0.2888390963013131 -0.004005282324567856 0.09503666547324643 0.7126854528902407 0.10204301989012875 0.6870156363904213 -0.09836758960856963
0.2974641053397759 0.010140495443809593 0.09503666547329476 0.5761000273080332 -0.431789406110792 0.5553498046828975 0.4162370259177342
0.30298487406716473 -0.012630291361644756 0.09503666547329476 0.4317894061107919 0.5761000273080332 0.41623702591773415 -0.5553498046828975
0.2985649857189486 -0.0015971242898165801 0.15103665975120054 -0.10204301989012879 0.7126854528902407 -0.09836758960856967 -0.6870156363904213
0.3012389365041613 -8.915021334025678e-05 0.15103665975120054 0.7126854528902407 0.10204301989012875 0.6870156363904213 -0.09836758960856963
0.30065594815174895 -0.002180112643614813 0.15103665975124886 0.5761000273080332 -0.431789406110792 0.5553498046828975 0.4162370259177342
0.2991479740713609 0.0004938381404579771 0.15103665975124886 0.4317894061107919 0.5761000273080332 0.41623702591773415 -0.5553498046828975
0.2988233857914951 -0.006181478733643036 0.14086333595549208 0.49773622778052595 0.42886514663548037 0.5711189378828272 -0.49209398731109466
0.2945636196294549 0.00023543806903210328 0.14086333595633616 0.6552061155263992 -0.048699209877544364 0.751805069055246 0.05587907727357725
0.30098053643161476 0.0044952042304862005 0.14086333595549208 -0.4288651466354804 0.497736227780526 -0.4920939873110947 -0.5711189378828272
0.305240302593655 -0.0019217125721889402 0.14086333595633616 0.04869920987754433 0.6552061155263992 0.05587907727357721 -0.751805069055246
0.29380816858258674 -0.003980543744844557 0.08089666690792827 0.6549941364510142 0.1389820706768794 0.7265663291373761 -0.1541688509686549
0.3066408108243539 0.0014907478270093993 0.08089666690792827 -0.13898207067687943 0.6549941364510142 -0.15416885096865493 -0.7265663291373761
0.2974888439120073 0.005171423159394517 0.0808966669069488 0.5614259608680933 -0.36487562912374394 0.6227738199179356 0.4047461364358074
0.30296013549493334 -0.007661219077229679 0.0808966669069488 0.36487562912374394 0.5614259608680933 0.4047461364358074 -0.6227738199179356
0.30103025895104535 -0.004524044072538506 0.08503666755945732 0.4317894061107919 0.5761000273080332 0.41623702591773415 -0.5553498046828975
0.2994187204558953 0.002034248154703343 0.08503666755945732 0.5761000273080332 -0.431789406110792 0.5553498046828975 0.4162370259177342
0.29694534359041935 -0.002050667208448471 0.085036667559409 0.7126854528902407 0.10204301989012875 0.6870156363904213 -0.09836758960856963
0.3035036358165213 -0.00043912870938668655 0.085036667559409 -0.10204301989012879 0.7126854528902407 -0.09836758960856967 -0.6870156363904213
0.2990803318140835 0.0011923749793915812 0.16089666511880946 0.5614259608680933 -0.36487562912374394 0.6227738199179356 0.4047461364358074
0.3019374733450964 -2.1507959643028436e-05 0.16089666511978892 -0.13898207067687943 0.6549941364510142 -0.15416885096865493 -0.7265663291373761
0.29786644887801345 -0.0016647665435138086 0.16089666511978892 0.6549941364510142 0.1389820706768794 0.7265663291373761 -0.1541688509686549
0.30072359040902635 -0.002878649482548416 0.16089666511880946 0.36487562912374394 0.5614259608680933 0.4047461364358074 -0.6227738199179356
0.2975477213294997 -0.0025500894608934325 0.08489666756357936 -0.13898207067687943 0.6549941364510142 -0.15416885096865493 -0.7265663291373761
0.30152968119991014 -0.003921666335459696 0.08489666756259989 0.5614259608680933 -0.36487562912374394 0.6227738199179356 0.4047461364358074
0.30290125807744095 6.029354305827462e-05 0.08489666756357936 0.6549941364510142 0.1389820706768794 0.7265663291373761 -0.1541688509686549
0.2989192982070305 0.0014318704176245326 0.08489666756259989 0.36487562912374394 0.5614259608680933 0.4047461364358074 -0.6227738199179356
0.30207507811028844 -0.0005509845435772555 0.085036667559409 0.7126854528902407 0.10204301989012875 0.6870156363904213 -0.09836758960856963
0.29953057628617413 0.0006056904473305834 0.08503666755945732 0.4317894061107919 0.5761000273080332 0.41623702591773415 -0.5553498046828975
0.3009184031207665 -0.0030954863651657463 0.08503666755945732 0.5761000273080332 -0.431789406110792 0.5553498046828975 0.4162370259177342
0.2983739012966522 -0.0019388113742579024 0.085036667559409 -0.10204301989012879 0.7126854528902407 -0.09836758960856967 -0.6870156363904213
0.29760733139590295 -0.0018061923518100857 0.07489666964974193 -0.13898207067687945 0.6549941364510142 -0.15416885096865496 -0.7265663291373761
0.30084540649725416 -0.0031181449573038215 0.07489666964876246 0.5614259608680933 -0.36487562912374394 0.6227738199179356 0.4047461364358074
0.3021573733083817 0.00011991775392313598 0.07489666964974193 0.6549941364510142 0.13898207067687945 0.7265663291373761 -0.15416885096865496
0.2989192982070305 0.0014318704176245326 0.07489666964876246 0.36487562912374394 0.5614259608680933 0.4047461364358074 -0.6227738199179356
0.2884027128609706 -0.005321302257638973 0.17489666368927745 0.6549941364510142 0.1389820706768794 0.7265663291373761 -0.1541688509686549
0.29542379547337 0.011205130006048935 0.17489666368829798 0.5614259608680933 -0.36487562912374394 0.6227738199179356 0.4047461364358074
0.3119502277451654 0.004184047390684932 0.17489666368927745 -0.13898207067687943 0.6549941364510142 -0.15416885096865493 -0.7265663291373761
0.304929145132766 -0.012342384873002947 0.17489666368829798 0.36487562912374394 0.5614259608680933 0.4047461364358074 -0.6227738199179356
0.3024452138098975 7.138650582775463e-05 0.17089667048420695 -0.13898207067687943 0.6549941364510142 -0.15416885096865493 -0.7265663291373761
0.2979077267962385 -0.0012086413727817951 0.17089667048420695 0.6549941364510142 0.1389820706768794 0.7265663291373761 -0.1541688509686549
0.2995364563582272 0.0017001160707810097 0.1708966704832275 0.5614259608680933 -0.36487562912374394 0.6227738199179356 0.4047461364358074
0.3008164842479088 -0.0028373709377350217 0.1708966704832275 0.36487562912374394 0.5614259608680933 0.4047461364358074 -0.6227738199179356
0.29090183582347007 -0.009871306657614523 0.17484333035343316 0.6020287227397851 0.2433682062821819 0.7050528758432967 -0.2850153950796226
0.3094791495271161 -0.00984326191295752 0.1748433303525091 0.253611283226268 0.5977859009637061 0.2970113510668588 -0.7000839885090754
0.3094511047826659 0.008734051790660483 0.17484333035343316 -0.2433682062821819 0.6020287227397851 -0.2850153950796226 -0.7050528758432967
0.2908737910790199 0.008706007046003508 0.1748433303525091 0.5977859009637061 -0.2536112832262681 0.7000839885090754 0.29701135106685883
0.2955798965721352 0.0109287423649581 0.18112332761953678 0.6447304537361062 -0.3820854784162576 0.5695621285100321 0.33753860664489316
0.31167384009908916 0.004027946302010985 0.18112332761897557 -0.18571804459450672 0.726068508078077 -0.16406540772271785 -0.6414170807501518
0.3047730440340008 -0.012065997231912113 0.18112332761953678 0.38208547841625756 0.6447304537361062 0.33753860664489316 -0.5695621285100321
0.2886791005070468 -0.0051652011689650255 0.18112332761897557 0.726068508078077 0.1857180445945067 0.6414170807501518 -0.16406540772271783
0.29788844800627656 0.0010780290391342417 0.1749966636863669 0.6154460447976028 -0.3457737688757669 0.6175009622129359 0.3469282755362171
0.29852981382572025 -0.002856649722491356 0.17499666368634595 0.6796850493220719 0.19068709189963814 0.6819544548634888 -0.19132377845619056
0.3024644925998594 -0.002215283906088282 0.1749966636863669 0.3457737688757669 0.6154460447976027 0.3469282755362171 -0.6175009622129358
0.30182312678041573 0.0017193948555373445 0.17499666368634595 -0.1906870918996382 0.6796850493220719 -0.1913237784561906 -0.6819544548634889
0.28751131999150414 -0.006361773110110905 0.18088332761296555 0.6434477023279396 0.16625799792675405 0.7234569952561745 -0.18693129355244492
0.29438332461691585 0.01209652287276624 0.18088332761259393 0.5725483925805358 -0.33742407364230254 0.6437417353565198 0.3793809574033142
0.31284162061463183 0.005224518243156892 0.18088332761296555 -0.16625799792675403 0.6434477023279396 -0.1869312935524449 -0.7234569952561745
0.3059696159892201 -0.01323377773972028 0.18088332761259393 0.3374240736423024 0.5725483925805358 0.37938095740331407 -0.6437417353565198
0.2928375392886594 -0.0016527947446839668 0.18893666224995925 0.6822797703778444 0.05317560798556875 0.7269502308476945 -0.056657140053172524
0.3012606376164346 -0.007907558447547026 0.18893666224996164 0.44484381869100154 0.5200454858231928 0.47396878931878605 -0.5540940862335666
0.29909230298970135 0.006770303580592985 0.18893666224996164 0.5200454858231927 -0.4448438186910016 0.5540940862335665 0.47396878931878605
0.30751540131747657 0.0005155398777299539 0.18893666224995925 -0.05317560798556871 0.6822797703778444 -0.05665714005317248 -0.7269502308476945
0.29005343169164033 -0.00899344944936257 0.1808433276116195 0.6020287227397851 0.2433682062821819 0.7050528758432967 -0.2850153950796226
0.29175164828727185 0.009554411177833247 0.18084332761069544 0.5977859009637061 -0.2536112832262681 0.7000839885090754 0.29701135106685883
0.31029950891449565 0.00785619458240853 0.1808433276116195 -0.2433682062821819 0.6020287227397851 -0.2850153950796226 -0.7050528758432967
0.30860129231886413 -0.010691666044787258 0.18084332761069544 0.253611283226268 0.5977859009637061 0.2970113510668588 -0.7000839885090754
0.3028510337966641 0.0012132110777390763 0.17712333441390507 0.726068508078077 0.1857180445945067 0.6414170807501518 -0.16406540772271783
0.2983946317872967 0.002105936057705186 0.1771233344144663 0.38208547841625756 0.6447304537361062 0.33753860664489316 -0.5695621285100321
0.29750190680947186 -0.0023504659446931166 0.17712333441390507 -0.18571804459450672 0.726068508078077 -0.16406540772271785 -0.6414170807501518
0.3019583088188393 -0.0032431909246591994 0.1771233344144663 0.6447304537361062 -0.3820854784162576 0.5695621285100321 0.33753860664489316
0.29664613671481543 -0.0011890751974112362 0.18093666093865707 -0.05317560798556871 0.6822797703778444 -0.05665714005317248 -0.7269502308476945
0.30370680389132054 5.182033045722463e-05 0.18093666093865707 0.6822797703778444 0.05317560798556875 0.7269502308476945 -0.056657140053172524
0.30079691806484254 -0.004098961022068148 0.18093666093865945 0.5200454858231927 -0.4448438186910016 0.5540940862335665 0.47396878931878605
0.29955602254129343 0.002961706155114107 0.18093666093865945 0.44484381869100154 0.5200454858231928 0.47396878931878605 -0.5540940862335666
0.30582467715493217 -0.0006533372878749053 0.19285000368017916 0.01982926061140152 0.6516185945545127 0.0230646030105381 -0.7579366937563935
0.3000917604557543 -0.006216834285787084 0.19285000368027322 0.4747853303007834 0.4467425237469609 0.552251310848996 -0.5196330409750114
0.2945282634512038 -0.0004839175790791074 0.19285000368017916 0.6516185945545127 -0.01982926061140148 0.7579366937563935 0.023064603010538053
0.30026118015038167 0.005079579418833044 0.19285000368027322 -0.44674252374696083 0.4747853303007834 -0.5196330409750113 -0.552251310848996
0.29664613671481543 -0.0011890751974112362 0.1869366730980046 -0.05317560798556871 0.6822797703778444 -0.05665714005317248 -0.7269502308476945
0.29955602254129343 0.002961706155114107 0.186936673098007 0.44484381869100154 0.5200454858231928 0.47396878931878605 -0.5540940862335666
0.30370680389132054 5.182033045722463e-05 0.1869366730980046 0.6822797703778444 0.05317560798556875 0.7269502308476945 -0.056657140053172524
0.30079691806484254 -0.004098961022068148 0.186936673098007 0.5200454858231927 -0.4448438186910016 0.5540940862335665 0.47396878931878605
0.29297011932548256 -0.007872494697394187 0.19084333297603753 0.6020287227397851 0.2433682062821819 0.7050528758432967 -0.2850153950796226
0.3073828212806534 0.006735239830440147 0.19084333297603753 -0.2433682062821819 0.6020287227397851 -0.2850153950796226 -0.7050528758432967
0.29287260303924023 0.006637723543991017 0.19084333297511347 0.5977859009637061 -0.2536112832262681 0.7000839885090754 0.29701135106685883
0.30748033756689575 -0.007774978410945029 0.19084333297511347 0.253611283226268 0.5977859009637061 0.2970113510668588 -0.7000839885090754
