0.3096602853344357 -0.04301560945312453 0.08102333357311206 -0.5906059918864218 0.4035482990852503 0.5769822735860837 0.3942395066716311
0.25948824630622935 -0.013002187982539487 0.08102333357341615 -0.13226976672058832 0.7029732401097976 0.12921865314570588 0.6867575060968929
0.3396737068108274 0.0071564295883425446 0.08102333357341615 -0.7029732401097976 -0.1322697667205883 0.6867575060968929 -0.12921865314570583
0.2895016677826211 0.03716985105892754 0.08102333357311206 0.4035482990852503 0.5906059918864217 -0.3942395066716311 0.5769822735860836
0.2972845015313554 -0.05123764375767636 0.06483666428965659 -0.46341087994815766 0.4512024969643538 0.5464394874697638 0.5320437478371383
0.3468855927375711 -0.005659373999173452 0.06483666428975561 -0.646729320944723 -0.00863263581293971 0.762602808959181 -0.010179331847705185
0.30130733277536154 0.043941726038073774 0.06483666428965659 0.4512024969643538 0.46341087994815766 -0.5320437478371383 0.5464394874697638
0.25170624156914584 -0.0016365444189210634 0.06483666428975561 -0.00863263581293971 0.646729320944723 0.010179331847705185 0.762602808959181
0.3379623883059115 0.009564827738587094 0.08088333357343001 -0.6434477023279396 -0.166257997926754 0.7234569952561745 -0.18693129355244495
0.26119956481114526 -0.015410586132784034 0.08088333357343001 -0.16625799792675403 0.6434477023279396 0.18693129355244498 0.7234569952561745
0.2870932696133246 0.035458532544964054 0.08088333357305842 0.3374240736423026 0.5725483925805358 -0.3793809574033141 0.6437417353565198
0.3120686835037322 -0.04130429093916104 0.08088333357305842 -0.5725483925805358 0.3374240736423025 0.6437417353565198 0.379380957403314
0.2787319064200513 -0.03711082356317088 0.0950566654755141 -0.32870797821454195 0.648293451194448 0.31058024705890164 0.6125410813433917
0.3204300466970055 0.03126506516897394 0.0950566654755141 -0.6482934511944481 -0.32870797821454195 0.6125410813433918 -0.31058024705890164
0.33376892092424065 -0.023771949336037372 0.09505666547582411 -0.690844336000272 0.22598105534501683 0.6527453510002845 0.21351855373482517
0.2653930321928161 0.017926190941840385 0.09505666547582411 0.22598105534501683 0.6908443360002718 -0.21351855373482517 0.6527453510002844
0.292059445336119 -0.04502037650237852 0.06484999760059947 -0.44674252374696083 0.4747853303007834 0.5196330409750114 0.552251310848996
0.3065324187729203 0.03772445878277594 0.06484999760059947 -0.4747853303007834 -0.44674252374696083 0.552251310848996 -0.5196330409750114
0.34066833293284465 -0.010884446516608758 0.0648499976005054 -0.6516185945545127 0.01982926061140152 0.7579366937563935 0.023064603010538007
0.25792350137387227 0.0035885278656835992 0.0648499976005054 0.01982926061140152 0.6516185945545127 -0.023064603010538007 0.7579366937563935
0.26943832035933096 -0.030468652230208643 0.10697000077585139 -0.2460201463770633 0.6515167596248855 0.2535148575129906 0.6713644438936768
0.32712674958353716 -0.03306553540343883 0.1069700007760276 -0.6346544310011053 0.2867294086665586 0.6539884242613058 0.29546427931072045
0.2720352035335196 0.027219777009241844 0.1069700007760276 0.2867294086665586 0.6346544310011052 -0.29546427931072045 0.6539884242613057
0.3297236327577258 0.024622893836011704 0.10697000077585139 -0.6515167596248855 -0.24602014637706324 0.6713644438936768 -0.2535148575129906
0.3270596366161652 -0.03312463340873363 0.09496999880907432 -0.6346544310011053 0.2867294086665586 0.6539884242613058 0.29546427931072045
0.3297827307630206 0.024555780868639764 0.09496999880889812 -0.6515167596248855 -0.24602014637706324 0.6713644438936768 -0.2535148575129906
0.26937922235403616 -0.030401539262836702 0.09496999880889812 -0.2460201463770633 0.6515167596248855 0.2535148575129906 0.6713644438936768
0.27210231650089156 0.027278875014536644 0.09496999880907432 0.2867294086665586 0.6346544310011052 -0.29546427931072045 0.6539884242613057
0.298067709108653 0.03736391889691319 0.0709366689852865 0.4448438186910016 0.5200454858231928 -0.473968789318786 0.5540940862335666
0.30052412519806393 -0.04465983661651578 0.0709366689852865 -0.5200454858231928 0.4448438186910016 0.5540940862335666 0.473968789318786
0.34030779304776637 -0.0024197445308281325 0.0709366689852841 -0.6822797703778444 -0.05317560798556871 0.7269502308476945 -0.056657140053172565
0.25828404125895055 -0.004876173887266384 0.0709366689852841 -0.05317560798556871 0.6822797703778444 0.056657140053172565 0.7269502308476945
0.33382207086587856 0.018594625948254298 0.09488333214291854 -0.6434477023279396 -0.166257997926754 0.7234569952561745 -0.18693129355244495
0.2653398822511782 -0.02444038434245124 0.09488333214291854 -0.16625799792675403 0.6434477023279396 0.18693129355244498 0.7234569952561745
0.2780634714036574 0.031318215104931095 0.09488333214254695 0.3374240736423026 0.5725483925805358 -0.3793809574033141 0.6437417353565198
0.3210984817133994 -0.03716397349912808 0.09488333214254695 -0.5725483925805358 0.3374240736423025 0.6437417353565198 0.379380957403314
0.3443603230955193 -0.006000668551515216 0.07506333631707061 -0.7280651056534003 -0.039848090908952465 0.6833261387821985 -0.03739946039485974
0.296943207010477 -0.048712370388303096 0.07506333631711995 -0.54299663231358 0.486642913993377 0.5096299617877328 0.4567391308004818
0.25423151121119764 -0.0012952498665793 0.07506333631707061 -0.039848090908952465 0.7280651056534003 0.03739946039485974 0.6833261387821985
0.3016486272962399 0.04141645266870051 0.07506333631711995 0.486642913993377 0.54299663231358 -0.4567391308004818 0.5096299617877328
0.2634587151191582 0.013659379003379544 0.08091666690209177 0.1670111553128919 0.6560797252145908 -0.18156026802997752 0.7132338587281755
0.3357032379978986 -0.01950513739757653 0.08091666690209177 -0.6560797252145908 0.16701115531289187 0.7132338587281755 0.1815602680299775
0.31616323476322516 0.03319938223997056 0.08091666690204428 -0.5820131439452964 -0.34582370087627634 0.6327149957465407 -0.37594999979332694
0.2829987183538316 -0.039045140634167495 0.08091666690204428 -0.3458237008762764 0.5820131439452964 0.375949999793327 0.6327149957465407
0.33627048066163967 0.015396667255346011 0.10488333005675597 -0.6434477023279396 -0.166257997926754 0.7234569952561745 -0.18693129355244495
0.2628914724554171 -0.021242425649542953 0.10488333005675597 -0.16625799792675403 0.6434477023279396 0.18693129355244498 0.7234569952561745
0.3179005230204911 -0.03961238329488919 0.10488333005638438 -0.5725483925805358 0.3374240736423025 0.6437417353565198 0.379380957403314
0.2812614300965657 0.0337666249006922 0.10488333005638438 0.3374240736423026 0.5725483925805358 -0.3793809574033141 0.6437417353565198
0.2829987183538316 -0.039045140634167495 0.09491666547153281 -0.3458237008762764 0.5820131439452964 0.375949999793327 0.6327149957465407
0.2634587151191582 0.013659379003379544 0.0949166654715803 0.1670111553128919 0.6560797252145908 -0.18156026802997752 0.7132338587281755
0.31616323476322516 0.03319938223997056 0.09491666547153281 -0.5820131439452964 -0.34582370087627634 0.6327149957465407 -0.37594999979332694
0.3357032379978986 -0.01950513739757653 0.0949166654715803 -0.6560797252145908 0.16701115531289187 0.7132338587281755 0.1815602680299775
0.27621078412768857 -0.0358835336504497 0.09082999815307137 -0.2673380118933679 0.5861146541459126 0.31740560691063585 0.6958833812457442
0.3325416310193368 -0.026293071619941596 0.09082999815532533 -0.6034821693331546 0.2254091232217698 0.7165035159936337 0.2676241955319126
0.26662032209771996 0.02044731322574461 0.09082999815532533 0.22540912322176984 0.6034821693331546 -0.2676241955319126 0.7165035159936337
0.3229511689893682 0.030037775256252768 0.09082999815307137 -0.5861146541459126 -0.26733801189336787 0.6958833812457442 -0.3174056069106358
0.3165163359027115 0.034612580992939845 0.06490333095350988 -0.562190504530109 -0.3682506014442031 0.6194365220867336 -0.4057483533635791
0.26103537916361724 0.013572447783076012 0.06490333095311382 0.13713622133310813 0.6579212152289095 -0.1511003529485271 0.7249151775821929
0.2820754984040054 -0.04190849871254243 0.06490333095350988 -0.3682506014442031 0.562190504530109 0.4057483533635791 0.6194365220867336
0.3375564551430997 -0.02086836643400117 0.06490333095311382 -0.6579212152289095 0.13713622133310813 0.7249151775821929 0.1511003529485271
0.3092529168633056 -0.04400071604977349 0.07502333631492572 -0.5906059918864218 0.4035482990852503 0.5769822735860837 0.3942395066716311
0.28933891744341134 0.03670479833017091 0.07502333631492572 0.4035482990852503 0.5906059918864218 -0.3942395066716311 0.5769822735860837
0.3396486724769585 0.006309052035550427 0.07502333631522981 -0.7029732401097976 -0.13226976672058832 0.6867575060968929 -0.12921865314570588
0.2589431618297584 -0.013604970686475587 0.07502333631522981 -0.13226976672058832 0.7029732401097976 0.12921865314570588 0.6867575060968929
0.3204300466970055 0.03126506516897394 0.08105666690602557 -0.6482934511944481 -0.32870797821454195 0.6125410813433918 -0.31058024705890164
0.2653930321928161 0.017926190941840385 0.08105666690633559 0.22598105534501683 0.6908443360002718 -0.21351855373482517 0.6527453510002844
0.2787319064200513 -0.03711082356317088 0.08105666690602557 -0.32870797821454195 0.648293451194448 0.31058024705890164 0.6125410813433917
0.33376892092424065 -0.023771949336037372 0.08105666690633559 -0.690844336000272 0.22598105534501683 0.6527453510002845 0.21351855373482517
0.30398191624506116 0.03857853018310591 0.08107666690738453 0.5131226800172349 0.5244410831875262 -0.47518183882825077 0.48566334591445837
0.3410823859386408 -0.0073238188794234734 0.08107666690738662 -0.7336683728644166 -0.008003320717062824 0.6794201457808979 -0.007411546602616823
0.2951800368719956 -0.0444242885773029 0.08107666690738453 -0.5244410831875264 0.5131226800172349 0.4856633459144585 0.47518183882825077
0.25807956717841596 0.0014780604852265315 0.08107666690738662 -0.008003320717062867 0.7336683728644166 0.007411546602616865 0.6794201457808979
0.27258673231837766 -0.03220990567784686 0.08483000089488503 -0.2673380118933679 0.5861146541459126 0.31740560691063585 0.6958833812457442
0.32886800304673397 -0.02991712342925251 0.08483000089713899 -0.6034821693331546 0.2254091232217698 0.7165035159936337 0.2676241955319126
0.2702939500703228 0.024071365035055522 0.08483000089713899 0.22540912322176984 0.6034821693331546 -0.2676241955319126 0.7165035159936337
0.3265752207986791 0.026364147283649924 0.08483000089488503 -0.5861146541459126 -0.26733801189336787 0.6958833812457442 -0.3174056069106358
0.26662032209771996 0.02044731322574461 0.10083000351974336 0.22540912322176984 0.6034821693331546 -0.2676241955319126 0.7165035159936337
0.3325416310193368 -0.026293071619941596 0.10083000351974336 -0.6034821693331546 0.2254091232217698 0.7165035159936337 0.2676241955319126
0.3229511689893682 0.030037775256252768 0.1008300035174894 -0.5861146541459126 -0.26733801189336787 0.6958833812457442 -0.3174056069106358
0.27621078412768857 -0.0358835336504497 0.1008300035174894 -0.2673380118933679 0.5861146541459126 0.31740560691063585 0.6958833812457442
0.2812614300965657 0.0337666249006922 0.08088333357305842 0.3374240736423026 0.5725483925805358 -0.3793809574033141 0.6437417353565198
0.33627048066163967 0.015396667255346011 0.08088333357343001 -0.6434477023279396 -0.166257997926754 0.7234569952561745 -0.18693129355244495
0.3179005230204911 -0.03961238329488919 0.08088333357305842 -0.5725483925805358 0.3374240736423025 0.6437417353565198 0.379380957403314
0.2628914724554171 -0.021242425649542953 0.08088333357343001 -0.16625799792675403 0.6434477023279396 0.18693129355244498 0.7234569952561745
0.3189064621865161 0.030513423851561992 0.07505666964783923 -0.6482934511944481 -0.328707978214542 0.6125410813433918 -0.3105802470589017
0.27968537212020084 -0.03780934157116458 0.07505666964783923 -0.32870797821454195 0.648293451194448 0.31058024705890164 0.6125410813433917
0.33345730172700677 -0.023258505756065855 0.07505666964814925 -0.690844336000272 0.22598105534501683 0.6527453510002845 0.21351855373482517
0.26513453257971015 0.01596258617381812 0.07505666964814925 0.2259810553450168 0.6908443360002718 -0.21351855373482514 0.6527453510002844
0.2710014521685656 -0.02997265031606508 0.10097000351766505 -0.2460201463770633 0.6515167596248855 0.2535148575129906 0.6713644438936768
0.2725312054476632 0.025656645200007225 0.10097000351784126 0.2867294086665586 0.6346544310011052 -0.29546427931072045 0.6539884242613057
0.3281605009484912 0.024126891921868142 0.10097000351766505 -0.6515167596248855 -0.24602014637706324 0.6713644438936768 -0.2535148575129906
0.3266307476693936 -0.03150240359420421 0.10097000351784126 -0.6346544310011053 0.2867294086665586 0.6539884242613058 0.29546427931072045
0.33695900116612987 -0.017456725203026765 0.07491666964390543 -0.6560797252145908 0.16701115531289185 0.7132338587281755 0.18156026802997746
0.2854871526685594 -0.04131103728233606 0.07491666964385794 -0.3458237008762764 0.5820131439452964 0.375949999793327 0.6327149957465407
0.3131046816381575 0.034015119562733474 0.07491666964385794 -0.5820131439452964 -0.3458237008762764 0.6327149957465407 -0.375949999793327
0.26163283314058705 0.010160805620779033 0.07491666964390543 0.16701115531289185 0.6560797252145908 -0.18156026802997746 0.7132338587281755
0.3325416310193368 -0.026293071619941596 0.0808300002414879 -0.6034821693331546 0.2254091232217698 0.7165035159936337 0.2676241955319126
0.27621078412768857 -0.0358835336504497 0.08083000023923394 -0.2673380118933679 0.5861146541459126 0.31740560691063585 0.6958833812457442
0.3229511689893682 0.030037775256252768 0.08083000023923394 -0.5861146541459126 -0.26733801189336787 0.6958833812457442 -0.3174056069106358
0.26662032209771996 0.02044731322574461 0.0808300002414879 0.22540912322176984 0.6034821693331546 -0.2676241955319126 0.7165035159936337
0.32886800304673397 -0.02991712342925251 0.09482999881097642 -0.6034821693331546 0.2254091232217698 0.7165035159936337 0.2676241955319126
0.3265752207986791 0.026364147283649924 0.09482999880872246 -0.5861146541459126 -0.26733801189336787 0.6958833812457442 -0.3174056069106358
0.2702939500703228 0.024071365035055522 0.09482999881097642 0.22540912322176984 0.6034821693331546 -0.2676241955319126 0.7165035159936337
0.27258673231837766 -0.03220990567784686 0.09482999880872246 -0.2673380118933679 0.5861146541459126 0.31740560691063585 0.6958833812457442
0.31616323476322516 0.03319938223997056 0.10091667018029975 -0.5820131439452964 -0.34582370087627634 0.6327149957465407 -0.37594999979332694
0.2634587151191582 0.013659379003379544 0.10091667018034724 0.1670111553128919 0.6560797252145908 -0.18156026802997752 0.7132338587281755
0.2829987183538316 -0.039045140634167495 0.10091667018029975 -0.3458237008762764 0.5820131439452964 0.375949999793327 0.6327149957465407
0.3357032379978986 -0.01950513739757653 0.10091667018034724 -0.6560797252145908 0.16701115531289187 0.7132338587281755 0.1815602680299775
0.28387481637918877 0.03463752087760879 0.06488333095045405 0.3374240736423025 0.5725483925805358 -0.379380957403314 0.6437417353565198
0.31471701792752815 -0.041933438597211374 0.06488333095045405 -0.5725483925805358 0.3374240736423025 0.6437417353565198 0.379380957403314
0.26101043927327294 -0.01906904658593669 0.06488333095082564 -0.16625799792675403 0.6434477023279396 0.18693129355244498 0.7234569952561745
0.337581395033444 0.011773127935011531 0.06488333095082564 -0.6434477023279396 -0.16625799792675403 0.7234569952561745 -0.18693129355244498
0.2712818791980044 0.025158510030755102 0.0769699995839347 0.2867294086665586 0.6346544310011053 -0.29546427931072045 0.6539884242613058
0.32810238603677194 0.024366071653073557 0.0769699995837585 -0.6515167596248855 -0.2460201463770633 0.6713644438936768 -0.2535148575129906
0.270489448269945 -0.03166198937267614 0.0769699995837585 -0.2460201463770633 0.6515167596248855 0.2535148575129906 0.6713644438936768
0.3273099551087125 -0.032454429613002836 0.0769699995839347 -0.6346544310011053 0.2867294086665586 0.6539884242613058 0.29546427931072045
0.28710950084650444 0.034213702050933374 0.07088333565922099 0.3374240736423025 0.5725483925805358 -0.379380957403314 0.6437417353565198
0.3114823334602125 -0.04150961977053596 0.07088333565922099 -0.5725483925805358 0.3374240736423025 0.6437417353565198 0.379380957403314
0.33715757620676856 0.00853846209414735 0.07088333565959258 -0.6434477023279396 -0.16625799792675403 0.7234569952561745 -0.18693129355244498
0.26143425809994836 -0.01583438074507251 0.07088333565959258 -0.16625799792675403 0.6434477023279396 0.18693129355244498 0.7234569952561745
0.27493609095757165 0.029092297376641332 0.07097000232574836 0.2867294086665586 0.6346544310011053 -0.29546427931072045 0.6539884242613058
0.26655566092405875 -0.02800777575046373 0.07097000232557216 -0.2460201463770633 0.6515167596248855 0.2535148575129906 0.6713644438936768
0.32365574334914526 -0.036388216958889066 0.07097000232574836 -0.6346544310011053 0.2867294086665586 0.6539884242613058 0.29546427931072045
0.3320361733826582 0.020711858030861147 0.07097000232557216 -0.6515167596248855 -0.2460201463770633 0.6713644438936768 -0.2535148575129906
0.32238105017902835 0.028587615930847122 0.06482999761662957 -0.5861146541459126 -0.2673380118933679 0.6958833812457442 -0.31740560691063585
0.2670603293167368 0.01943717415787188 0.06482999761888353 0.2254091232217698 0.6034821693331546 -0.2676241955319125 0.7165035159936337
0.33153150498998013 -0.026733093740119614 0.06482999761888353 -0.6034821693331546 0.2254091232217698 0.7165035159936337 0.2676241955319125
0.27621078412768857 -0.0358835336504497 0.06482999761662957 -0.2673380118933679 0.5861146541459126 0.31740560691063585 0.6958833812457442
0.30067718992584713 -0.044635815944671295 0.06093666734615876 -0.5200454858231928 0.4448438186910016 0.5540940862335666 0.473968789318786
0.2979146443808698 0.03733989822506871 0.06093666734615876 0.4448438186910016 0.5200454858231928 -0.473968789318786 0.5540940862335666
0.3402837723759219 -0.0022666788717223547 0.060936667346156374 -0.6822797703778444 -0.05317560798556871 0.7269502308476945 -0.056657140053172565
0.25830806193079503 -0.0050292395463721615 0.060936667346156374 -0.05317560798556871 0.6822797703778444 0.056657140053172565 0.7269502308476945
0.28194437179239973 -0.040471159408676925 0.07091666898820685 -0.3458237008762764 0.5820131439452964 0.375949999793327 0.6327149957465407
0.33611911211659984 -0.020999506079186433 0.07091666898825434 -0.6560797252145908 0.16701115531289185 0.7132338587281755 0.18156026802997746
0.2624727221901171 0.0137035864969387 0.07091666898825434 0.16701115531289185 0.6560797252145908 -0.18156026802997746 0.7132338587281755
0.3166474625143172 0.03317524168907434 0.07091666898820685 -0.5820131439452964 -0.3458237008762764 0.6327149957465407 -0.375949999793327
0.33685636413172754 0.010036425180428278 0.07489666964974193 -0.6549941364510142 -0.13898207067687943 0.7265663291373761 -0.154168850968655
0.2617354701749894 -0.017332343831353438 0.07489666964974193 -0.13898207067687943 0.6549941364510142 0.154168850968655 0.7265663291373761
0.2856115321762703 0.033912501154512345 0.07489666964876246 0.364875629123744 0.5614259608680933 -0.40474613643580737 0.6227738199179356
0.31298030213044664 -0.04120841887411493 0.07489666964876246 -0.5614259608680933 0.364875629123744 0.6227738199179356 0.40474613643580737
0.27258673231837766 -0.03220990567784686 0.1048299967225599 -0.2673380118933679 0.5861146541459126 0.31740560691063585 0.6958833812457442
0.3265752207986791 0.026364147283649924 0.1048299967225599 -0.5861146541459126 -0.26733801189336787 0.6958833812457442 -0.3174056069106358
0.2702939500703228 0.024071365035055522 0.10482999672481386 0.22540912322176984 0.6034821693331546 -0.2676241955319126 0.7165035159936337
0.32886800304673397 -0.02991712342925251 0.10482999672481386 -0.6034821693331546 0.2254091232217698 0.7165035159936337 0.2676241955319126
0.27621078412768857 -0.0358835336504497 0.0748300029810476 -0.2673380118933679 0.5861146541459126 0.31740560691063585 0.6958833812457442
0.32238105017902835 0.028587615930847122 0.0748300029810476 -0.5861146541459126 -0.2673380118933679 0.6958833812457442 -0.31740560691063585
0.33153150498998013 -0.026733093740119614 0.07483000298330156 -0.6034821693331546 0.2254091232217698 0.7165035159936337 0.2676241955319125
0.2670603293167368 0.01943717415787188 0.07483000298330156 0.2254091232217698 0.6034821693331546 -0.2676241955319125 0.7165035159936337
0.3084643245193803 0.03760676941166693 0.05484999968676203 -0.4747853303007834 -0.44674252374696083 0.552251310848996 -0.5196330409750114
0.2580411907449813 0.005520441994046732 0.05484999968666796 0.01982926061140152 0.6516185945545127 -0.023064603010538007 0.7579366937563935
0.34055064356173564 -0.01281636064497189 0.05484999968666796 -0.6516185945545127 0.01982926061140152 0.7579366937563935 0.023064603010538007
0.29012750978733665 -0.04490268713126951 0.05484999968676203 -0.44674252374696083 0.4747853303007834 0.5196330409750114 0.552251310848996
0.2704303502646502 -0.03159487826794935 0.06697000166992106 -0.2460201463770633 0.6515167596248855 0.2535148575129906 0.6713644438936768
0.32724284027869543 -0.032513527618297636 0.06697000167009727 -0.6346544310011053 0.2867294086665586 0.6539884242613058 0.29546427931072045
0.2713489940280215 0.0252176080360499 0.06697000167009727 0.2867294086665586 0.6346544310011053 -0.29546427931072045 0.6539884242613058
0.32816148404206674 0.024298960548346765 0.06697000166992106 -0.6515167596248855 -0.2460201463770633 0.6713644438936768 -0.2535148575129906
0.3254130542668287 0.02287806591064287 0.0729699989281074 -0.6515167596248855 -0.2460201463770633 0.6713644438936768 -0.2535148575129906
0.3258219549542173 -0.0297650978430596 0.07296999892828361 -0.6346544310011053 0.2867294086665586 0.6539884242613058 0.29546427931072045
0.2731787800398882 -0.030173983630245454 0.0729699989281074 -0.2460201463770633 0.6515167596248855 0.2535148575129906 0.6713644438936768
0.27276987935249963 0.022469178260811865 0.07296999892828361 0.2867294086665586 0.6346544310011053 -0.29546427931072045 0.6539884242613058
0.28166476555788444 0.03362865266014053 0.07088333565922099 0.3374240736423025 0.5725483925805358 -0.379380957403314 0.6437417353565198
0.3169270687488325 -0.04092457037974311 0.07088333565922099 -0.5725483925805358 0.3374240736423025 0.6437417353565198 0.379380957403314
0.3365725268159757 0.013983204833347942 0.07088333565959258 -0.6434477023279396 -0.16625799792675403 0.7234569952561745 -0.18693129355244498
0.2620193074907412 -0.0212791234842731 0.07088333565959258 -0.16625799792675403 0.6434477023279396 0.18693129355244498 0.7234569952561745
0.32657518624852594 0.0350201915375164 0.0909433314844804 -0.6188279131323768 -0.2978568113043972 0.6549472284260477 -0.3152419100704137
0.3375240472929113 -0.029917088887347825 0.09094333148405342 -0.648193984694242 0.22696084266874425 0.6860273189403223 0.24020793444190758
0.27258676686853084 -0.04086594993171333 0.0909433314844804 -0.2978568113043972 0.6188279131323768 0.3152419100704137 0.6549472284260477
0.2616379058241455 0.024071330493150838 0.09094333148405342 0.22696084266874417 0.6481939846942419 -0.24020793444190752 0.6860273189403222
0.34017144014588646 -0.019669304611509817 0.06512999762181607 -0.7415585932007591 0.1228448446254028 0.6506776263623609 0.10778971913181516
0.3153172536027766 0.037227565991819374 0.06512999762056836 -0.6112255344272092 -0.4374966839202823 0.5363174062156432 -0.38387971737649
0.25842039416083046 0.012373386891907232 0.06512999762181607 0.1228448446254028 0.7415585932007591 -0.10778971913181516 0.6506776263623609
0.2832745807039403 -0.04452348371142196 0.06512999762056836 -0.4374966839202823 0.6112255344272092 0.38387971737649 0.5363174062156432
0.34101777621962087 0.015118707386418136 0.08487000089964869 -0.6307420002933433 -0.1927810464113638 0.7188385244192531 -0.21970701632228937
0.2581441768974359 -0.020964465780615123 0.08487000089964869 -0.19278104641136382 0.6307420002933433 0.2197070163222894 0.7188385244192531
0.3176225631428252 -0.04435967885770941 0.08487000089993034 -0.5823187311838222 0.30968515986852946 0.6636519162107795 0.35293927406768927
0.28153938997423156 0.03851392046351247 0.08487000089993034 0.3096851598685294 0.5823187311838222 -0.3529392740676892 0.6636519162107795
0.3101213475159921 0.03816141132435218 0.10498999672185853 -0.5434677663168535 -0.44681404077263276 0.5489298910756042 -0.45130474695789274
0.25849668603657877 0.007617491757833873 0.10498999672186458 0.06834450383392912 0.700234981171117 -0.06903140052970516 0.7072726954159102
0.340665267080478 -0.013463250152030815 0.10498999672186458 -0.700234981171117 0.06834450383392915 0.7072726954159102 0.0690314005297052
0.2890406056010647 -0.04400716971854917 0.10498999672185853 -0.4468140407726328 0.5434677663168533 0.4513047469578928 0.5489298910756042
0.33255710839818414 0.026227172779219432 0.10294333345143368 -0.6188279131323768 -0.2978568113043972 0.6549472284260477 -0.3152419100704137
0.26660484471887264 -0.032072931173416364 0.10294333345143368 -0.2978568113043972 0.6188279131323768 0.3152419100704137 0.6549472284260477
0.32873102853461433 -0.03589901103700603 0.1029433334510067 -0.648193984694242 0.22696084266874425 0.6860273189403223 0.24020793444190758
0.27043092458244244 0.03005325264280904 0.1029433334510067 0.22696084266874417 0.6481939846942419 -0.24020793444190752 0.6860273189403222
0.26447049363251607 0.02660864061659444 0.09494333213970452 0.22696084266874417 0.6481939846942419 -0.24020793444190752 0.6860273189403222
0.27004945674508724 -0.03803336212334274 0.0949433321401315 -0.2978568113043972 0.6188279131323768 0.3152419100704137 0.6549472284260477
0.32911249637196954 0.03218760372914581 0.0949433321401315 -0.6188279131323768 -0.2978568113043972 0.6549472284260477 -0.3152419100704137
0.3346914594845407 -0.03245439901079143 0.09494333213970452 -0.648193984694242 0.22696084266874425 0.6860273189403223 0.24020793444190758
0.33411205833952234 0.021548653909255786 0.10308333345408524 -0.683007311379428 -0.2741672482996827 0.6282753464707231 -0.25219718788899725
0.3240525096695863 -0.03745396097358909 0.10308333345410103 -0.6768246230758339 0.28909357835158533 0.6225881003756283 0.26592741457923813
0.26504989477753443 -0.027394412303452718 0.10308333345408524 -0.27416724829968264 0.683007311379428 0.2521971878889972 0.6282753464707231
0.27510944344747046 0.031608202579392106 0.10308333345410103 0.2890935783515853 0.6768246230758339 -0.26592741457923813 0.6225881003756283
0.2844892912114282 -0.041041819608400386 0.09487666547409249 -0.40980441231880693 0.519993919903615 0.46388860641186974 0.588620444555372
0.33769991697265467 -0.01801456453250336 0.09487666547419336 -0.6574667063192892 0.07791574439606441 0.7442362877471321 0.08819872367126809
0.2614620361444021 0.01216880613830643 0.09487666547419336 0.07791574439606444 0.6574667063192892 -0.08819872367126813 0.7442362877471321
0.3146726619056286 0.0351960612142034 0.09487666547409249 -0.5199939199036149 -0.40980441231880693 0.588620444555372 -0.46388860641186974
0.33145868420194086 0.029103864299433513 0.10694333410708477 -0.6188279131323768 -0.2978568113043972 0.6549472284260477 -0.3152419100704137
0.3316077200548284 -0.034800586840762746 0.1069433341066578 -0.648193984694242 0.22696084266874425 0.6860273189403223 0.24020793444190758
0.2677032689151159 -0.034949622693630444 0.10694333410708477 -0.2978568113043972 0.6188279131323768 0.3152419100704137 0.6549472284260477
0.26755423306222836 0.028954828446565755 0.1069433341066578 0.22696084266874417 0.6481939846942419 -0.24020793444190752 0.6860273189403222
0.26505646689530293 0.027342820828615316 0.10094333684847145 0.22696084266874417 0.6481939846942419 -0.24020793444190752 0.6860273189403222
0.3298466765839904 0.03160163046635894 0.10094333684889843 -0.6188279131323768 -0.2978568113043972 0.6549472284260477 -0.3152419100704137
0.33410548622175384 -0.033188579222812306 0.10094333684847145 -0.648193984694242 0.22696084266874425 0.6860273189403223 0.24020793444190758
0.26931527653306636 -0.037447388860555875 0.10094333684889843 -0.2978568113043972 0.6188279131323768 0.3152419100704137 0.6549472284260477
0.2624354644000141 0.0260589367801534 0.10894333070919304 0.22696084266874417 0.6481939846942419 -0.24020793444190752 0.6860273189403222
0.2705991605815283 -0.040068391355844724 0.10894333070962002 -0.2978568113043972 0.6188279131323768 0.3152419100704137 0.6549472284260477
0.3285627925355285 0.03422263296164779 0.10894333070962002 -0.6188279131323768 -0.2978568113043972 0.6549472284260477 -0.3152419100704137
0.3367264887170427 -0.03190469517435039 0.10894333070919304 -0.648193984694242 0.22696084266874425 0.6860273189403223 0.24020793444190758
0.26061754508610646 0.019298726981340535 0.09494333213970452 0.22696084266874417 0.6481939846942419 -0.24020793444190752 0.6860273189403222
0.32180258273671564 0.036040552275555415 0.0949433321401315 -0.6188279131323768 -0.2978568113043972 0.6549472284260477 -0.3152419100704137
0.27735937038034114 -0.04188631066975235 0.0949433321401315 -0.2978568113043972 0.6188279131323768 0.3152419100704137 0.6549472284260477
0.3385444080309503 -0.025144485375537522 0.09494333213970452 -0.648193984694242 0.22696084266874425 0.6860273189403223 0.24020793444190758
0.3373870305386504 0.01703304214958995 0.10485666338998281 -0.616920449170107 -0.21850055724160483 0.7127047675487265 -0.2524253953035973
0.3195368978986736 -0.04072893318266189 0.10485666339074273 -0.5907318577343603 0.28172541020789793 0.6824500813653237 0.32546666794829615
0.2617749225784064 -0.02287880054378688 0.10485666338998281 -0.21850055724160478 0.616920449170107 0.2524253953035973 0.7127047675487265
0.27962505521838316 0.0348831747884649 0.10485666339074273 0.2817254102078979 0.5907318577343602 -0.32546666794829604 0.6824500813653236
0.28196221346829076 0.03541605251228564 0.08099666690501771 0.34577376887576694 0.6154460447976028 -0.346928275536217 0.6175009622129359
0.317199739648766 -0.04126181090648263 0.08099666690501771 -0.6154460447976027 0.34577376887576694 0.6175009622129358 0.346928275536217
0.337919908272649 0.014695883885362079 0.08099666690499675 -0.6796850493220719 -0.19068709189963817 0.6819544548634889 -0.19132377845619067
0.2612420448444078 -0.02054164227955901 0.08099666690499675 -0.19068709189963812 0.6796850493220719 0.1913237784561906 0.6819544548634888
0.3343517526394085 0.021945988109710598 0.0909566648183336 -0.6357135240346594 -0.2723997951508574 0.6638847175668686 -0.284470998068985
0.3244498438599257 -0.03769365528367202 0.0909566648185338 -0.642133084999924 0.256901604291166 0.670588756529476 0.2682860161792944
0.2747121092571311 0.031847896889475084 0.0909566648185338 0.25690160429116593 0.642133084999924 -0.2682860161792943 0.670588756529476
0.2648102004776483 -0.027791746503907585 0.0909566648183336 -0.27239979515085744 0.6357135240346594 0.28447099806898507 0.6638847175668686
0.2844892912114282 -0.041041819608400386 0.10487666338792992 -0.40980441231880693 0.519993919903615 0.46388860641186974 0.588620444555372
0.3146726619056286 0.0351960612142034 0.10487666338792992 -0.5199939199036149 -0.40980441231880693 0.588620444555372 -0.46388860641186974
0.2614620361444021 0.01216880613830643 0.1048766633880308 0.07791574439606444 0.6574667063192892 -0.08819872367126813 0.7442362877471321
0.33769991697265467 -0.01801456453250336 0.1048766633880308 -0.6574667063192892 0.07791574439606441 0.7442362877471321 0.08819872367126809
0.31649443122390253 0.037049424998804766 0.10512999672649868 -0.6112255344272093 -0.4374966839202823 0.5363174062156433 -0.38387971737649
0.33955328075798413 -0.0198363338515372 0.1051299967277464 -0.7415585932007591 0.12284484462540286 0.6506776263623609 0.10778971913181522
0.28266752189315425 -0.04289518339300175 0.10512999672649868 -0.4374966839202823 0.6112255344272092 0.38387971737649 0.5363174062156432
0.25960867235907265 0.013990575457340258 0.1051299967277464 0.1228448446254028 0.7415585932007591 -0.10778971913181516 0.6506776263623609
0.33128515551115556 -0.03501569682501 0.08095666690469637 -0.642133084999924 0.256901604291166 0.670588756529476 0.2682860161792944
0.33167379418074644 0.028781299760940456 0.08095666690449617 -0.6357135240346594 -0.2723997951508574 0.6638847175668686 -0.284470998068985
0.26748815893631034 -0.03462705815513744 0.08095666690449617 -0.27239979515085744 0.6357135240346594 0.28447099806898507 0.6638847175668686
0.2678767976059012 0.029169938430813055 0.08095666690469637 0.25690160429116593 0.642133084999924 -0.2682860161792943 0.670588756529476
0.27954448601371495 0.034297120665123915 0.08109666690593276 0.3203845969267161 0.6675979657018098 -0.29077584447951954 0.6059010434964879
0.2623609766956563 -0.022959369741171298 0.0810966669054845 -0.245516926720892 0.6986091698700273 0.22282716530965033 0.6340463081409
0.3368009764214005 0.01711361134697431 0.0810966669054845 -0.6986091698700273 -0.24551692672089198 0.6340463081409 -0.22282716530965027
0.3196174671033418 -0.04014287905932085 0.08109666690593276 -0.6675979657018098 0.32038459692671617 0.6059010434964879 0.29077584447951954
0.3241292516398791 0.03244733405678644 0.09504333214037568 -0.6292818333293618 -0.354501114914925 0.6025789748389849 -0.3394582637787899
0.3349511898088679 -0.02747115428427717 0.09504333214065694 -0.6956395934461829 0.19429931138567041 0.6661209187313175 0.18605444163907855
0.2750327014771777 -0.038293092450983425 0.09504333214037568 -0.35450111491492503 0.6292818333293618 0.33945826377878996 0.6025789748389849
0.2642107633081889 0.021625395890080227 0.09504333214065694 0.19429931138567036 0.6956395934461829 -0.1860544416390785 0.6661209187313175
0.3241292516398791 0.03244733405678644 0.10504333005421311 -0.6292818333293618 -0.354501114914925 0.6025789748389849 -0.3394582637787899
0.2750327014771777 -0.038293092450983425 0.10504333005421311 -0.35450111491492503 0.6292818333293618 0.33945826377878996 0.6025789748389849
0.2642107633081889 0.021625395890080227 0.10504333005449437 0.19429931138567036 0.6956395934461829 -0.1860544416390785 0.6661209187313175
0.3349511898088679 -0.02747115428427717 0.10504333005449437 -0.6956395934461829 0.19429931138567041 0.6661209187313175 0.18605444163907855
0.33369627849816835 0.028854613474014187 0.0949566654739847 -0.6357135240346594 -0.2723997951508574 0.6638847175668686 -0.284470998068985
0.2678034838928275 0.031192422748234968 0.0949566654741849 0.25690160429116593 0.642133084999924 -0.2682860161792943 0.670588756529476
0.3313584692242293 -0.03703818114243191 0.0949566654741849 -0.642133084999924 0.256901604291166 0.670588756529476 0.2682860161792944
0.2654656746188884 -0.03470037186821117 0.0949566654739847 -0.27239979515085744 0.6357135240346594 0.28447099806898507 0.6638847175668686
0.26648698530595355 -0.0315785487957777 0.08495666756014726 -0.27239979515085744 0.6357135240346594 0.28447099806898507 0.6638847175668686
0.27092530696526096 0.030171112061169843 0.08495666756034746 0.25690160429116593 0.642133084999924 -0.2682860161792943 0.670588756529476
0.33267496781110323 0.025732790401580715 0.08495666756014726 -0.6357135240346594 -0.2723997951508574 0.6638847175668686 -0.284470998068985
0.3282366461517958 -0.03601687045536678 0.08495666756034746 -0.642133084999924 0.256901604291166 0.670588756529476 0.2682860161792944
0.3096602853344357 -0.04301560945312453 0.08102333357311206 0.40354829908525025 0.5906059918864218 0.39423950667163116 -0.5769822735860837
0.25948824630622935 -0.013002187982539487 0.08102333357341615 0.7029732401097976 0.13226976672058838 0.6867575060968929 -0.12921865314570583
0.3396737068108274 0.0071564295883425446 0.08102333357341615 -0.13226976672058835 0.7029732401097976 -0.12921865314570577 -0.6867575060968929
0.2895016677826211 0.03716985105892754 0.08102333357311206 0.5906059918864218 -0.4035482990852503 0.5769822735860837 0.3942395066716312
0.2972845015313554 -0.05123764375767636 0.06483666428965659 0.45120249696435377 0.46341087994815766 0.5320437478371383 -0.5464394874697638
0.3468855927375711 -0.005659373999173452 0.06483666428975561 -0.00863263581293975 0.646729320944723 -0.010179331847705139 -0.762602808959181
0.30130733277536154 0.043941726038073774 0.06483666428965659 0.4634108799481577 -0.4512024969643538 0.5464394874697639 0.5320437478371384
0.25170624156914584 -0.0016365444189210634 0.06483666428975561 0.646729320944723 0.00863263581293975 0.762602808959181 -0.010179331847705139
0.3379623883059115 0.009564827738587094 0.08088333357343001 -0.16625799792675403 0.6434477023279396 -0.1869312935524449 -0.7234569952561745
0.26119956481114526 -0.015410586132784034 0.08088333357343001 0.6434477023279396 0.16625799792675405 0.7234569952561745 -0.18693129355244492
0.2870932696133246 0.035458532544964054 0.08088333357305842 0.5725483925805358 -0.33742407364230254 0.6437417353565198 0.3793809574033142
0.3120686835037322 -0.04130429093916104 0.08088333357305842 0.3374240736423024 0.5725483925805358 0.37938095740331407 -0.6437417353565198
0.2787319064200513 -0.03711082356317088 0.0950566654755141 0.6482934511944481 0.32870797821454206 0.6125410813433918 -0.31058024705890164
0.3204300466970055 0.03126506516897394 0.0950566654755141 -0.328707978214542 0.6482934511944481 -0.3105802470589016 -0.6125410813433918
0.33376892092424065 -0.023771949336037372 0.09505666547582411 0.22598105534501678 0.690844336000272 0.2135185537348252 -0.6527453510002845
0.2653930321928161 0.017926190941840385 0.09505666547582411 0.690844336000272 -0.2259810553450168 0.6527453510002845 0.21351855373482523
0.292059445336119 -0.04502037650237852 0.06484999760059947 0.4747853303007834 0.4467425237469609 0.552251310848996 -0.5196330409750114
0.3065324187729203 0.03772445878277594 0.06484999760059947 -0.4467425237469609 0.4747853303007834 -0.5196330409750114 -0.552251310848996
0.34066833293284465 -0.010884446516608758 0.0648499976005054 0.01982926061140148 0.6516185945545127 0.023064603010538053 -0.7579366937563935
0.25792350137387227 0.0035885278656835992 0.0648499976005054 0.6516185945545127 -0.01982926061140148 0.7579366937563935 0.023064603010538053
0.26943832035933096 -0.030468652230208643 0.10697000077585139 0.6515167596248854 0.24602014637706326 0.6713644438936767 -0.25351485751299047
0.32712674958353716 -0.03306553540343883 0.1069700007760276 0.28672940866655855 0.6346544310011053 0.2954642793107205 -0.6539884242613058
0.2720352035335196 0.027219777009241844 0.1069700007760276 0.6346544310011053 -0.2867294086665586 0.6539884242613058 0.29546427931072056
0.3297236327577258 0.024622893836011704 0.10697000077585139 -0.24602014637706326 0.6515167596248855 -0.2535148575129905 -0.6713644438936768
0.3270596366161652 -0.03312463340873363 0.09496999880907432 0.28672940866655855 0.6346544310011053 0.2954642793107205 -0.6539884242613058
0.3297827307630206 0.024555780868639764 0.09496999880889812 -0.24602014637706326 0.6515167596248855 -0.2535148575129905 -0.6713644438936768
0.26937922235403616 -0.030401539262836702 0.09496999880889812 0.6515167596248854 0.24602014637706326 0.6713644438936767 -0.25351485751299047
0.27210231650089156 0.027278875014536644 0.09496999880907432 0.6346544310011053 -0.2867294086665586 0.6539884242613058 0.29546427931072056
0.298067709108653 0.03736391889691319 0.0709366689852865 0.5200454858231928 -0.44484381869100154 0.5540940862335666 0.47396878931878605
0.30052412519806393 -0.04465983661651578 0.0709366689852865 0.44484381869100154 0.5200454858231928 0.47396878931878605 -0.5540940862335666
0.34030779304776637 -0.0024197445308281325 0.0709366689852841 -0.05317560798556875 0.6822797703778444 -0.056657140053172524 -0.7269502308476945
0.25828404125895055 -0.004876173887266384 0.0709366689852841 0.6822797703778444 0.05317560798556875 0.7269502308476945 -0.056657140053172524
0.33382207086587856 0.018594625948254298 0.09488333214291854 -0.16625799792675403 0.6434477023279396 -0.1869312935524449 -0.7234569952561745
0.2653398822511782 -0.02444038434245124 0.09488333214291854 0.6434477023279396 0.16625799792675405 0.7234569952561745 -0.18693129355244492
0.2780634714036574 0.031318215104931095 0.09488333214254695 0.5725483925805358 -0.33742407364230254 0.6437417353565198 0.3793809574033142
0.3210984817133994 -0.03716397349912808 0.09488333214254695 0.3374240736423024 0.5725483925805358 0.37938095740331407 -0.6437417353565198
0.3443603230955193 -0.006000668551515216 0.07506333631707061 -0.039848090908952506 0.7280651056534003 -0.037399460394859696 -0.6833261387821985
0.296943207010477 -0.048712370388303096 0.07506333631711995 0.48664291399337695 0.54299663231358 0.45673913080048184 -0.5096299617877328
0.25423151121119764 -0.0012952498665793 0.07506333631707061 0.7280651056534003 0.039848090908952506 0.6833261387821985 -0.037399460394859696
0.3016486272962399 0.04141645266870051 0.07506333631711995 0.54299663231358 -0.48664291399337695 0.5096299617877328 0.45673913080048184
0.2634587151191582 0.013659379003379544 0.08091666690209177 0.6560797252145908 -0.16701115531289187 0.7132338587281755 0.18156026802997757
0.3357032379978986 -0.01950513739757653 0.08091666690209177 0.16701115531289185 0.6560797252145908 0.18156026802997755 -0.7132338587281755
0.31616323476322516 0.03319938223997056 0.08091666690204428 -0.3458237008762764 0.5820131439452964 -0.3759499997933269 -0.6327149957465407
0.2829987183538316 -0.039045140634167495 0.08091666690204428 0.5820131439452964 0.34582370087627645 0.6327149957465407 -0.37594999979332694
0.33627048066163967 0.015396667255346011 0.10488333005675597 -0.16625799792675403 0.6434477023279396 -0.1869312935524449 -0.7234569952561745
0.2628914724554171 -0.021242425649542953 0.10488333005675597 0.6434477023279396 0.16625799792675405 0.7234569952561745 -0.18693129355244492
0.3179005230204911 -0.03961238329488919 0.10488333005638438 0.3374240736423024 0.5725483925805358 0.37938095740331407 -0.6437417353565198
0.2812614300965657 0.0337666249006922 0.10488333005638438 0.5725483925805358 -0.33742407364230254 0.6437417353565198 0.3793809574033142
0.2829987183538316 -0.039045140634167495 0.09491666547153281 0.5820131439452964 0.34582370087627645 0.6327149957465407 -0.37594999979332694
0.2634587151191582 0.013659379003379544 0.0949166654715803 0.6560797252145908 -0.16701115531289187 0.7132338587281755 0.18156026802997757
0.31616323476322516 0.03319938223997056 0.09491666547153281 -0.3458237008762764 0.5820131439452964 -0.3759499997933269 -0.6327149957465407
0.3357032379978986 -0.01950513739757653 0.0949166654715803 0.16701115531289185 0.6560797252145908 0.18156026802997755 -0.7132338587281755
0.27621078412768857 -0.0358835336504497 0.09082999815307137 0.5861146541459126 0.267338011893368 0.6958833812457442 -0.3174056069106358
0.3325416310193368 -0.026293071619941596 0.09082999815532533 0.22540912322176979 0.6034821693331546 0.26762419553191263 -0.7165035159936337
0.26662032209771996 0.02044731322574461 0.09082999815532533 0.6034821693331546 -0.2254091232217698 0.7165035159936337 0.26762419553191263
0.3229511689893682 0.030037775256252768 0.09082999815307137 -0.2673380118933679 0.5861146541459126 -0.31740560691063574 -0.6958833812457442
0.3165163359027115 0.034612580992939845 0.06490333095350988 -0.36825060144420313 0.562190504530109 -0.40574835336357906 -0.6194365220867336
0.26103537916361724 0.013572447783076012 0.06490333095311382 0.6579212152289095 -0.1371362213331081 0.7249151775821929 0.15110035294852717
0.2820754984040054 -0.04190849871254243 0.06490333095350988 0.562190504530109 0.36825060144420313 0.6194365220867336 -0.40574835336357906
0.3375564551430997 -0.02086836643400117 0.06490333095311382 0.1371362213331081 0.6579212152289095 0.15110035294852717 -0.7249151775821929
0.3092529168633056 -0.04400071604977349 0.07502333631492572 0.40354829908525025 0.5906059918864218 0.39423950667163116 -0.5769822735860837
0.28933891744341134 0.03670479833017091 0.07502333631492572 0.5906059918864218 -0.40354829908525025 0.5769822735860837 0.39423950667163116
0.3396486724769585 0.006309052035550427 0.07502333631522981 -0.13226976672058838 0.7029732401097976 -0.12921865314570583 -0.6867575060968929
0.2589431618297584 -0.013604970686475587 0.07502333631522981 0.7029732401097976 0.13226976672058838 0.6867575060968929 -0.12921865314570583
0.3204300466970055 0.03126506516897394 0.08105666690602557 -0.328707978214542 0.6482934511944481 -0.3105802470589016 -0.6125410813433918
0.2653930321928161 0.017926190941840385 0.08105666690633559 0.690844336000272 -0.2259810553450168 0.6527453510002845 0.21351855373482523
0.2787319064200513 -0.03711082356317088 0.08105666690602557 0.6482934511944481 0.32870797821454206 0.6125410813433918 -0.31058024705890164
0.33376892092424065 -0.023771949336037372 0.08105666690633559 0.22598105534501678 0.690844336000272 0.2135185537348252 -0.6527453510002845
0.30398191624506116 0.03857853018310591 0.08107666690738453 0.5244410831875262 -0.5131226800172349 0.4856633459144583 0.4751818388282508
0.3410823859386408 -0.0073238188794234734 0.08107666690738662 -0.008003320717062869 0.7336683728644166 -0.007411546602616782 -0.6794201457808979
0.2951800368719956 -0.0444242885773029 0.08107666690738453 0.5131226800172349 0.5244410831875264 0.4751818388282508 -0.4856633459144584
0.25807956717841596 0.0014780604852265315 0.08107666690738662 0.7336683728644166 0.008003320717062912 0.6794201457808979 -0.007411546602616823
0.27258673231837766 -0.03220990567784686 0.08483000089488503 0.5861146541459126 0.267338011893368 0.6958833812457442 -0.3174056069106358
0.32886800304673397 -0.02991712342925251 0.08483000089713899 0.22540912322176979 0.6034821693331546 0.26762419553191263 -0.7165035159936337
0.2702939500703228 0.024071365035055522 0.08483000089713899 0.6034821693331546 -0.2254091232217698 0.7165035159936337 0.26762419553191263
0.3265752207986791 0.026364147283649924 0.08483000089488503 -0.2673380118933679 0.5861146541459126 -0.31740560691063574 -0.6958833812457442
0.26662032209771996 0.02044731322574461 0.10083000351974336 0.6034821693331546 -0.2254091232217698 0.7165035159936337 0.26762419553191263
0.3325416310193368 -0.026293071619941596 0.10083000351974336 0.22540912322176979 0.6034821693331546 0.26762419553191263 -0.7165035159936337
0.3229511689893682 0.030037775256252768 0.1008300035174894 -0.2673380118933679 0.5861146541459126 -0.31740560691063574 -0.6958833812457442
0.27621078412768857 -0.0358835336504497 0.1008300035174894 0.5861146541459126 0.267338011893368 0.6958833812457442 -0.3174056069106358
0.2812614300965657 0.0337666249006922 0.08088333357305842 0.5725483925805358 -0.33742407364230254 0.6437417353565198 0.3793809574033142
0.33627048066163967 0.015396667255346011 0.08088333357343001 -0.16625799792675403 0.6434477023279396 -0.1869312935524449 -0.7234569952561745
0.3179005230204911 -0.03961238329488919 0.08088333357305842 0.3374240736423024 0.5725483925805358 0.37938095740331407 -0.6437417353565198
0.2628914724554171 -0.021242425649542953 0.08088333357343001 0.6434477023279396 0.16625799792675405 0.7234569952561745 -0.18693129355244492
0.3189064621865161 0.030513423851561992 0.07505666964783923 -0.32870797821454206 0.6482934511944481 -0.31058024705890164 -0.6125410813433918
0.27968537212020084 -0.03780934157116458 0.07505666964783923 0.6482934511944481 0.32870797821454206 0.6125410813433918 -0.31058024705890164
0.33345730172700677 -0.023258505756065855 0.07505666964814925 0.22598105534501678 0.690844336000272 0.2135185537348252 -0.6527453510002845
0.26513453257971015 0.01596258617381812 0.07505666964814925 0.690844336000272 -0.22598105534501678 0.6527453510002845 0.2135185537348252
0.2710014521685656 -0.02997265031606508 0.10097000351766505 0.6515167596248854 0.24602014637706326 0.6713644438936767 -0.25351485751299047
0.2725312054476632 0.025656645200007225 0.10097000351784126 0.6346544310011053 -0.2867294086665586 0.6539884242613058 0.29546427931072056
0.3281605009484912 0.024126891921868142 0.10097000351766505 -0.24602014637706326 0.6515167596248855 -0.2535148575129905 -0.6713644438936768
0.3266307476693936 -0.03150240359420421 0.10097000351784126 0.28672940866655855 0.6346544310011053 0.2954642793107205 -0.6539884242613058
0.33695900116612987 -0.017456725203026765 0.07491666964390543 0.16701115531289182 0.6560797252145908 0.18156026802997752 -0.7132338587281755
0.2854871526685594 -0.04131103728233606 0.07491666964385794 0.5820131439452964 0.34582370087627645 0.6327149957465407 -0.37594999979332694
0.3131046816381575 0.034015119562733474 0.07491666964385794 -0.34582370087627645 0.5820131439452964 -0.37594999979332694 -0.6327149957465407
0.26163283314058705 0.010160805620779033 0.07491666964390543 0.6560797252145908 -0.16701115531289182 0.7132338587281755 0.18156026802997752
0.3325416310193368 -0.026293071619941596 0.0808300002414879 0.22540912322176979 0.6034821693331546 0.26762419553191263 -0.7165035159936337
0.27621078412768857 -0.0358835336504497 0.08083000023923394 0.5861146541459126 0.267338011893368 0.6958833812457442 -0.3174056069106358
0.3229511689893682 0.030037775256252768 0.08083000023923394 -0.2673380118933679 0.5861146541459126 -0.31740560691063574 -0.6958833812457442
0.26662032209771996 0.02044731322574461 0.0808300002414879 0.6034821693331546 -0.2254091232217698 0.7165035159936337 0.26762419553191263
0.32886800304673397 -0.02991712342925251 0.09482999881097642 0.22540912322176979 0.6034821693331546 0.26762419553191263 -0.7165035159936337
0.3265752207986791 0.026364147283649924 0.09482999880872246 -0.2673380118933679 0.5861146541459126 -0.31740560691063574 -0.6958833812457442
0.2702939500703228 0.024071365035055522 0.09482999881097642 0.6034821693331546 -0.2254091232217698 0.7165035159936337 0.26762419553191263
0.27258673231837766 -0.03220990567784686 0.09482999880872246 0.5861146541459126 0.267338011893368 0.6958833812457442 -0.3174056069106358
0.31616323476322516 0.03319938223997056 0.10091667018029975 -0.3458237008762764 0.5820131439452964 -0.3759499997933269 -0.6327149957465407
0.2634587151191582 0.013659379003379544 0.10091667018034724 0.6560797252145908 -0.16701115531289187 0.7132338587281755 0.18156026802997757
0.2829987183538316 -0.039045140634167495 0.10091667018029975 0.5820131439452964 0.34582370087627645 0.6327149957465407 -0.37594999979332694
0.3357032379978986 -0.01950513739757653 0.10091667018034724 0.16701115531289185 0.6560797252145908 0.18156026802997755 -0.7132338587281755
0.28387481637918877 0.03463752087760879 0.06488333095045405 0.5725483925805358 -0.3374240736423024 0.6437417353565198 0.37938095740331407
0.31471701792752815 -0.041933438597211374 0.06488333095045405 0.3374240736423024 0.5725483925805358 0.37938095740331407 -0.6437417353565198
0.26101043927327294 -0.01906904658593669 0.06488333095082564 0.6434477023279396 0.16625799792675405 0.7234569952561745 -0.18693129355244492
0.337581395033444 0.011773127935011531 0.06488333095082564 -0.16625799792675405 0.6434477023279396 -0.18693129355244492 -0.7234569952561745
0.2712818791980044 0.025158510030755102 0.0769699995839347 0.6346544310011053 -0.28672940866655855 0.6539884242613058 0.2954642793107205
0.32810238603677194 0.024366071653073557 0.0769699995837585 -0.24602014637706332 0.6515167596248855 -0.2535148575129905 -0.6713644438936768
0.270489448269945 -0.03166198937267614 0.0769699995837585 0.6515167596248854 0.24602014637706326 0.6713644438936767 -0.25351485751299047
0.3273099551087125 -0.032454429613002836 0.0769699995839347 0.28672940866655855 0.6346544310011053 0.2954642793107205 -0.6539884242613058
0.28710950084650444 0.034213702050933374 0.07088333565922099 0.5725483925805358 -0.3374240736423024 0.6437417353565198 0.37938095740331407
0.3114823334602125 -0.04150961977053596 0.07088333565922099 0.3374240736423024 0.5725483925805358 0.37938095740331407 -0.6437417353565198
0.33715757620676856 0.00853846209414735 0.07088333565959258 -0.16625799792675405 0.6434477023279396 -0.18693129355244492 -0.7234569952561745
0.26143425809994836 -0.01583438074507251 0.07088333565959258 0.6434477023279396 0.16625799792675405 0.7234569952561745 -0.18693129355244492
0.27493609095757165 0.029092297376641332 0.07097000232574836 0.6346544310011053 -0.28672940866655855 0.6539884242613058 0.2954642793107205
0.26655566092405875 -0.02800777575046373 0.07097000232557216 0.6515167596248854 0.24602014637706326 0.6713644438936767 -0.25351485751299047
0.32365574334914526 -0.036388216958889066 0.07097000232574836 0.28672940866655855 0.6346544310011053 0.2954642793107205 -0.6539884242613058
0.3320361733826582 0.020711858030861147 0.07097000232557216 -0.24602014637706332 0.6515167596248855 -0.2535148575129905 -0.6713644438936768
0.32238105017902835 0.028587615930847122 0.06482999761662957 -0.267338011893368 0.5861146541459126 -0.3174056069106358 -0.6958833812457442
0.2670603293167368 0.01943717415787188 0.06482999761888353 0.6034821693331547 -0.2254091232217698 0.7165035159936338 0.26762419553191263
0.33153150498998013 -0.026733093740119614 0.06482999761888353 0.2254091232217698 0.6034821693331547 0.26762419553191263 -0.7165035159936338
0.27621078412768857 -0.0358835336504497 0.06482999761662957 0.5861146541459126 0.267338011893368 0.6958833812457442 -0.3174056069106358
0.30067718992584713 -0.044635815944671295 0.06093666734615876 0.44484381869100154 0.5200454858231928 0.47396878931878605 -0.5540940862335666
0.2979146443808698 0.03733989822506871 0.06093666734615876 0.5200454858231928 -0.44484381869100154 0.5540940862335666 0.47396878931878605
0.3402837723759219 -0.0022666788717223547 0.060936667346156374 -0.05317560798556875 0.6822797703778444 -0.056657140053172524 -0.7269502308476945
0.25830806193079503 -0.0050292395463721615 0.060936667346156374 0.6822797703778444 0.05317560798556875 0.7269502308476945 -0.056657140053172524
0.28194437179239973 -0.040471159408676925 0.07091666898820685 0.5820131439452964 0.34582370087627645 0.6327149957465407 -0.37594999979332694
0.33611911211659984 -0.020999506079186433 0.07091666898825434 0.16701115531289182 0.6560797252145908 0.18156026802997752 -0.7132338587281755
0.2624727221901171 0.0137035864969387 0.07091666898825434 0.6560797252145908 -0.16701115531289182 0.7132338587281755 0.18156026802997752
0.3166474625143172 0.03317524168907434 0.07091666898820685 -0.34582370087627645 0.5820131439452964 -0.37594999979332694 -0.6327149957465407
0.33685636413172754 0.010036425180428278 0.07489666964974193 -0.13898207067687945 0.6549941364510142 -0.15416885096865496 -0.7265663291373761
0.2617354701749894 -0.017332343831353438 0.07489666964974193 0.6549941364510142 0.13898207067687945 0.7265663291373761 -0.15416885096865496
0.2856115321762703 0.033912501154512345 0.07489666964876246 0.5614259608680933 -0.36487562912374394 0.6227738199179356 0.4047461364358074
0.31298030213044664 -0.04120841887411493 0.07489666964876246 0.36487562912374394 0.5614259608680933 0.4047461364358074 -0.6227738199179356
0.27258673231837766 -0.03220990567784686 0.1048299967225599 0.5861146541459126 0.267338011893368 0.6958833812457442 -0.3174056069106358
0.3265752207986791 0.026364147283649924 0.1048299967225599 -0.2673380118933679 0.5861146541459126 -0.31740560691063574 -0.6958833812457442
0.2702939500703228 0.024071365035055522 0.10482999672481386 0.6034821693331546 -0.2254091232217698 0.7165035159936337 0.26762419553191263
0.32886800304673397 -0.02991712342925251 0.10482999672481386 0.22540912322176979 0.6034821693331546 0.26762419553191263 -0.7165035159936337
0.27621078412768857 -0.0358835336504497 0.0748300029810476 0.5861146541459126 0.267338011893368 0.6958833812457442 -0.3174056069106358
0.32238105017902835 0.028587615930847122 0.0748300029810476 -0.267338011893368 0.5861146541459126 -0.3174056069106358 -0.6958833812457442
0.33153150498998013 -0.026733093740119614 0.07483000298330156 0.2254091232217698 0.6034821693331547 0.26762419553191263 -0.7165035159936338
0.2670603293167368 0.01943717415787188 0.07483000298330156 0.6034821693331547 -0.2254091232217698 0.7165035159936338 0.26762419553191263
0.3084643245193803 0.03760676941166693 0.05484999968676203 -0.4467425237469609 0.4747853303007834 -0.5196330409750114 -0.552251310848996
0.2580411907449813 0.005520441994046732 0.05484999968666796 0.6516185945545127 -0.01982926061140148 0.7579366937563935 0.023064603010538053
0.34055064356173564 -0.01281636064497189 0.05484999968666796 0.01982926061140148 0.6516185945545127 0.023064603010538053 -0.7579366937563935
0.29012750978733665 -0.04490268713126951 0.05484999968676203 0.4747853303007834 0.4467425237469609 0.552251310848996 -0.5196330409750114
0.2704303502646502 -0.03159487826794935 0.06697000166992106 0.6515167596248854 0.24602014637706326 0.6713644438936767 -0.25351485751299047
0.32724284027869543 -0.032513527618297636 0.06697000167009727 0.28672940866655855 0.6346544310011053 0.2954642793107205 -0.6539884242613058
0.2713489940280215 0.0252176080360499 0.06697000167009727 0.6346544310011053 -0.28672940866655855 0.6539884242613058 0.2954642793107205
0.32816148404206674 0.024298960548346765 0.06697000166992106 -0.24602014637706332 0.6515167596248855 -0.2535148575129905 -0.6713644438936768
0.3254130542668287 0.02287806591064287 0.0729699989281074 -0.24602014637706332 0.6515167596248855 -0.2535148575129905 -0.6713644438936768
0.3258219549542173 -0.0297650978430596 0.07296999892828361 0.28672940866655855 0.6346544310011053 0.2954642793107205 -0.6539884242613058
0.2731787800398882 -0.030173983630245454 0.0729699989281074 0.6515167596248854 0.24602014637706326 0.6713644438936767 -0.25351485751299047
0.27276987935249963 0.022469178260811865 0.07296999892828361 0.6346544310011053 -0.28672940866655855 0.6539884242613058 0.2954642793107205
0.28166476555788444 0.03362865266014053 0.07088333565922099 0.5725483925805358 -0.3374240736423024 0.6437417353565198 0.37938095740331407
0.3169270687488325 -0.04092457037974311 0.07088333565922099 0.3374240736423024 0.5725483925805358 0.37938095740331407 -0.6437417353565198
0.3365725268159757 0.013983204833347942 0.07088333565959258 -0.16625799792675405 0.6434477023279396 -0.18693129355244492 -0.7234569952561745
0.2620193074907412 -0.0212791234842731 0.07088333565959258 0.6434477023279396 0.16625799792675405 0.7234569952561745 -0.18693129355244492
0.32657518624852594 0.0350201915375164 0.0909433314844804 -0.29785681130439723 0.6188279131323768 -0.31524191007041363 -0.6549472284260477
0.3375240472929113 -0.029917088887347825 0.09094333148405342 0.22696084266874417 0.6481939846942419 0.24020793444190758 -0.6860273189403222
0.27258676686853084 -0.04086594993171333 0.0909433314844804 0.6188279131323768 0.29785681130439723 0.6549472284260477 -0.31524191007041363
0.2616379058241455 0.024071330493150838 0.09094333148405342 0.648193984694242 -0.22696084266874417 0.6860273189403223 0.2402079344419076
0.34017144014588646 -0.019669304611509817 0.06512999762181607 0.12284484462540275 0.7415585932007591 0.1077897191318152 -0.6506776263623609
0.3153172536027766 0.037227565991819374 0.06512999762056836 -0.43749668392028235 0.6112255344272092 -0.38387971737648996 -0.5363174062156432
0.25842039416083046 0.012373386891907232 0.06512999762181607 0.7415585932007591 -0.12284484462540275 0.6506776263623609 0.1077897191318152
0.2832745807039403 -0.04452348371142196 0.06512999762056836 0.6112255344272092 0.43749668392028235 0.5363174062156432 -0.38387971737648996
0.34101777621962087 0.015118707386418136 0.08487000089964869 -0.19278104641136382 0.6307420002933433 -0.2197070163222893 -0.7188385244192531
0.2581441768974359 -0.020964465780615123 0.08487000089964869 0.6307420002933433 0.19278104641136384 0.7188385244192531 -0.21970701632228934
0.3176225631428252 -0.04435967885770941 0.08487000089993034 0.3096851598685294 0.5823187311838222 0.3529392740676893 -0.6636519162107795
0.28153938997423156 0.03851392046351247 0.08487000089993034 0.5823187311838222 -0.30968515986852935 0.6636519162107795 0.35293927406768927
0.3101213475159921 0.03816141132435218 0.10498999672185853 -0.4468140407726327 0.5434677663168533 -0.4513047469578926 -0.5489298910756041
0.25849668603657877 0.007617491757833873 0.10498999672186458 0.700234981171117 -0.06834450383392908 0.7072726954159102 0.0690314005297052
0.340665267080478 -0.013463250152030815 0.10498999672186458 0.06834450383392911 0.700234981171117 0.06903140052970524 -0.7072726954159102
0.2890406056010647 -0.04400716971854917 0.10498999672185853 0.5434677663168533 0.44681404077263287 0.5489298910756042 -0.45130474695789274
0.33255710839818414 0.026227172779219432 0.10294333345143368 -0.29785681130439723 0.6188279131323768 -0.31524191007041363 -0.6549472284260477
0.26660484471887264 -0.032072931173416364 0.10294333345143368 0.6188279131323768 0.29785681130439723 0.6549472284260477 -0.31524191007041363
0.32873102853461433 -0.03589901103700603 0.1029433334510067 0.22696084266874417 0.6481939846942419 0.24020793444190758 -0.6860273189403222
0.27043092458244244 0.03005325264280904 0.1029433334510067 0.648193984694242 -0.22696084266874417 0.6860273189403223 0.2402079344419076
0.26447049363251607 0.02660864061659444 0.09494333213970452 0.648193984694242 -0.22696084266874417 0.6860273189403223 0.2402079344419076
0.27004945674508724 -0.03803336212334274 0.0949433321401315 0.6188279131323768 0.29785681130439723 0.6549472284260477 -0.31524191007041363
0.32911249637196954 0.03218760372914581 0.0949433321401315 -0.29785681130439723 0.6188279131323768 -0.31524191007041363 -0.6549472284260477
0.3346914594845407 -0.03245439901079143 0.09494333213970452 0.22696084266874417 0.6481939846942419 0.24020793444190758 -0.6860273189403222
0.33411205833952234 0.021548653909255786 0.10308333345408524 -0.27416724829968275 0.683007311379428 -0.2521971878889972 -0.6282753464707231
0.3240525096695863 -0.03745396097358909 0.10308333345410103 0.2890935783515853 0.6768246230758339 0.2659274145792382 -0.6225881003756283
0.26504989477753443 -0.027394412303452718 0.10308333345408524 0.683007311379428 0.2741672482996827 0.6282753464707231 -0.25219718788899714
0.27510944344747046 0.031608202579392106 0.10308333345410103 0.6768246230758339 -0.2890935783515852 0.6225881003756283 0.2659274145792382
0.2844892912114282 -0.041041819608400386 0.09487666547409249 0.519993919903615 0.409804412318807 0.588620444555372 -0.4638886064118697
0.33769991697265467 -0.01801456453250336 0.09487666547419336 0.07791574439606437 0.6574667063192892 0.08819872367126813 -0.7442362877471321
0.2614620361444021 0.01216880613830643 0.09487666547419336 0.6574667063192892 -0.0779157443960644 0.7442362877471321 0.08819872367126817
0.3146726619056286 0.0351960612142034 0.09487666547409249 -0.409804412318807 0.5199939199036149 -0.4638886064118697 -0.588620444555372
0.33145868420194086 0.029103864299433513 0.10694333410708477 -0.29785681130439723 0.6188279131323768 -0.31524191007041363 -0.6549472284260477
0.3316077200548284 -0.034800586840762746 0.1069433341066578 0.22696084266874417 0.6481939846942419 0.24020793444190758 -0.6860273189403222
0.2677032689151159 -0.034949622693630444 0.10694333410708477 0.6188279131323768 0.29785681130439723 0.6549472284260477 -0.31524191007041363
0.26755423306222836 0.028954828446565755 0.1069433341066578 0.648193984694242 -0.22696084266874417 0.6860273189403223 0.2402079344419076
0.26505646689530293 0.027342820828615316 0.10094333684847145 0.648193984694242 -0.22696084266874417 0.6860273189403223 0.2402079344419076
0.3298466765839904 0.03160163046635894 0.10094333684889843 -0.29785681130439723 0.6188279131323768 -0.31524191007041363 -0.6549472284260477
0.33410548622175384 -0.033188579222812306 0.10094333684847145 0.22696084266874417 0.6481939846942419 0.24020793444190758 -0.6860273189403222
0.26931527653306636 -0.037447388860555875 0.10094333684889843 0.6188279131323768 0.29785681130439723 0.6549472284260477 -0.31524191007041363
0.2624354644000141 0.0260589367801534 0.10894333070919304 0.648193984694242 -0.22696084266874417 0.6860273189403223 0.2402079344419076
0.2705991605815283 -0.040068391355844724 0.10894333070962002 0.6188279131323768 0.29785681130439723 0.6549472284260477 -0.31524191007041363
0.3285627925355285 0.03422263296164779 0.10894333070962002 -0.29785681130439723 0.6188279131323768 -0.31524191007041363 -0.6549472284260477
0.3367264887170427 -0.03190469517435039 0.10894333070919304 0.22696084266874417 0.6481939846942419 0.24020793444190758 -0.6860273189403222
0.26061754508610646 0.019298726981340535 0.09494333213970452 0.648193984694242 -0.22696084266874417 0.6860273189403223 0.2402079344419076
0.32180258273671564 0.036040552275555415 0.0949433321401315 -0.29785681130439723 0.6188279131323768 -0.31524191007041363 -0.6549472284260477
0.27735937038034114 -0.04188631066975235 0.0949433321401315 0.6188279131323768 0.29785681130439723 0.6549472284260477 -0.31524191007041363
0.3385444080309503 -0.025144485375537522 0.09494333213970452 0.22696084266874417 0.6481939846942419 0.24020793444190758 -0.6860273189403222
0.3373870305386504 0.01703304214958995 0.10485666338998281 -0.21850055724160486 0.616920449170107 -0.25242539530359726 -0.7127047675487265
0.3195368978986736 -0.04072893318266189 0.10485666339074273 0.2817254102078978 0.5907318577343602 0.32546666794829615 -0.6824500813653236
0.2617749225784064 -0.02287880054378688 0.10485666338998281 0.616920449170107 0.2185005572416048 0.7127047675487265 -0.25242539530359726
0.27962505521838316 0.0348831747884649 0.10485666339074273 0.5907318577343603 -0.2817254102078979 0.6824500813653237 0.32546666794829615
0.28196221346829076 0.03541605251228564 0.08099666690501771 0.6154460447976028 -0.3457737688757669 0.6175009622129359 0.3469282755362171
0.317199739648766 -0.04126181090648263 0.08099666690501771 0.3457737688757669 0.6154460447976027 0.3469282755362171 -0.6175009622129358
0.337919908272649 0.014695883885362079 0.08099666690499675 -0.1906870918996382 0.6796850493220719 -0.1913237784561906 -0.6819544548634889
0.2612420448444078 -0.02054164227955901 0.08099666690499675 0.6796850493220719 0.19068709189963814 0.6819544548634888 -0.19132377845619056
0.3343517526394085 0.021945988109710598 0.0909566648183336 -0.2723997951508575 0.6357135240346595 -0.284470998068985 -0.6638847175668687
0.3244498438599257 -0.03769365528367202 0.0909566648185338 0.25690160429116593 0.642133084999924 0.26828601617929443 -0.670588756529476
0.2747121092571311 0.031847896889475084 0.0909566648185338 0.642133084999924 -0.2569016042911659 0.670588756529476 0.2682860161792944
0.2648102004776483 -0.027791746503907585 0.0909566648183336 0.6357135240346594 0.2723997951508575 0.6638847175668686 -0.284470998068985
0.2844892912114282 -0.041041819608400386 0.10487666338792992 0.519993919903615 0.409804412318807 0.588620444555372 -0.4638886064118697
0.3146726619056286 0.0351960612142034 0.10487666338792992 -0.409804412318807 0.5199939199036149 -0.4638886064118697 -0.588620444555372
0.2614620361444021 0.01216880613830643 0.1048766633880308 0.6574667063192892 -0.0779157443960644 0.7442362877471321 0.08819872367126817
0.33769991697265467 -0.01801456453250336 0.1048766633880308 0.07791574439606437 0.6574667063192892 0.08819872367126813 -0.7442362877471321
0.31649443122390253 0.037049424998804766 0.10512999672649868 -0.43749668392028235 0.6112255344272093 -0.38387971737648996 -0.5363174062156433
0.33955328075798413 -0.0198363338515372 0.1051299967277464 0.12284484462540282 0.7415585932007591 0.10778971913181526 -0.6506776263623609
0.28266752189315425 -0.04289518339300175 0.10512999672649868 0.6112255344272092 0.43749668392028235 0.5363174062156432 -0.38387971737648996
0.25960867235907265 0.013990575457340258 0.1051299967277464 0.7415585932007591 -0.12284484462540275 0.6506776263623609 0.1077897191318152
0.33128515551115556 -0.03501569682501 0.08095666690469637 0.25690160429116593 0.642133084999924 0.26828601617929443 -0.670588756529476
0.33167379418074644 0.028781299760940456 0.08095666690449617 -0.2723997951508575 0.6357135240346595 -0.284470998068985 -0.6638847175668687
0.26748815893631034 -0.03462705815513744 0.08095666690449617 0.6357135240346594 0.2723997951508575 0.6638847175668686 -0.284470998068985
0.2678767976059012 0.029169938430813055 0.08095666690469637 0.642133084999924 -0.2569016042911659 0.670588756529476 0.2682860161792944
0.27954448601371495 0.034297120665123915 0.08109666690593276 0.6675979657018098 -0.32038459692671606 0.6059010434964879 0.2907758444795196
0.2623609766956563 -0.022959369741171298 0.0810966669054845 0.6986091698700273 0.24551692672089206 0.6340463081409 -0.2228271653096503
0.3368009764214005 0.01711361134697431 0.0810966669054845 -0.24551692672089204 0.6986091698700273 -0.22282716530965024 -0.6340463081409
0.3196174671033418 -0.04014287905932085 0.08109666690593276 0.3203845969267161 0.6675979657018098 0.2907758444795196 -0.6059010434964879
0.3241292516398791 0.03244733405678644 0.09504333214037568 -0.35450111491492503 0.6292818333293618 -0.33945826377878985 -0.6025789748389849
0.3349511898088679 -0.02747115428427717 0.09504333214065694 0.19429931138567036 0.6956395934461829 0.18605444163907858 -0.6661209187313175
0.2750327014771777 -0.038293092450983425 0.09504333214037568 0.6292818333293618 0.3545011149149251 0.6025789748389849 -0.3394582637787899
0.2642107633081889 0.021625395890080227 0.09504333214065694 0.6956395934461829 -0.1942993113856703 0.6661209187313175 0.18605444163907853
0.3241292516398791 0.03244733405678644 0.10504333005421311 -0.35450111491492503 0.6292818333293618 -0.33945826377878985 -0.6025789748389849
0.2750327014771777 -0.038293092450983425 0.10504333005421311 0.6292818333293618 0.3545011149149251 0.6025789748389849 -0.3394582637787899
0.2642107633081889 0.021625395890080227 0.10504333005449437 0.6956395934461829 -0.1942993113856703 0.6661209187313175 0.18605444163907853
0.3349511898088679 -0.02747115428427717 0.10504333005449437 0.19429931138567036 0.6956395934461829 0.18605444163907858 -0.6661209187313175
0.33369627849816835 0.028854613474014187 0.0949566654739847 -0.2723997951508575 0.6357135240346595 -0.284470998068985 -0.6638847175668687
0.2678034838928275 0.031192422748234968 0.0949566654741849 0.642133084999924 -0.2569016042911659 0.670588756529476 0.2682860161792944
0.3313584692242293 -0.03703818114243191 0.0949566654741849 0.25690160429116593 0.642133084999924 0.26828601617929443 -0.670588756529476
0.2654656746188884 -0.03470037186821117 0.0949566654739847 0.6357135240346594 0.2723997951508575 0.6638847175668686 -0.284470998068985
0.26648698530595355 -0.0315785487957777 0.08495666756014726 0.6357135240346594 0.2723997951508575 0.6638847175668686 -0.284470998068985
0.27092530696526096 0.030171112061169843 0.08495666756034746 0.642133084999924 -0.2569016042911659 0.670588756529476 0.2682860161792944
0.33267496781110323 0.025732790401580715 0.08495666756014726 -0.2723997951508575 0.6357135240346595 -0.284470998068985 -0.6638847175668687
0.3282366461517958 -0.03601687045536678 0.08495666756034746 0.25690160429116593 0.642133084999924 0.26828601617929443 -0.670588756529476
