mount:
  origin:
    xyz: -0.008033 -0.000001 0.101497
    rpy: 0 0 0
  mass: 4.972778
  inertia:
    xx: 0.045720
    xy: -0.000000009
    xz: -0.003044
    yy: 0.040855
    yz: -0.000000013
    zz: 0.024995


