cover:
  origin:
    xyz: 0.016592 -0.000068 0.212452
    rpy: 0 0 0
  mass: 3.055586
  inertia:
    xx: 0.071400
    xy: -0.000005937
    xz: 0.001668
    yy: 0.062361
    yz: -0.000010020
    zz: 0.056693