left:
  kinematic:
    x: 0.035
    y: 0.050681
    z: 0.202
    roll: -0.89334809
    pitch: -0.17456074
    yaw: -0.46334506

right:
  kinematic:
    x: 0.035
    y: -0.050681
    z: 0.202
    roll: 0.89334809
    pitch: -0.17456074
    yaw: 0.46334506